   4.0259320668323173e-01   3.2575789546238454e-01   4.0191715825312802e-01   3.5905529277870546e-01   3.9206637340983957e-01   4.1332876340619923e-01   3.9781977478941938e-01   1.2468726230078478e-01   3.3657935294101954e-01   2.0241094342094226e-01
   3.8588490844823392e-01   3.2224793353773068e-01   7.0568203779771549e-02   2.3711100721484463e-01   5.9867325289861328e-02   1.5014281025401491e-01   3.5406929112349295e-01   8.8879283853008265e-02   7.4354610418036329e-02   4.0283814946386221e-01
   3.4924056042461898e-01   3.5653083435035077e-01   3.4126738589348055e-01   2.3800273761364180e-01   1.1688889404489765e-01   3.7923717495445042e-01   2.7915494161012283e-01   3.9580683395881205e-01   3.8708875852831376e-01   1.7593836184272330e-01
   2.9165121431910201e-01   3.3839870970723912e-01   2.8708657534645626e-01   3.0359052980275514e-01   3.4907613447692687e-01   4.2009256091786246e-01   4.0067601538055692e-01   9.7226839712840255e-02   1.6243622697643595e-01   1.2849346377007667e-01
   3.7507778700806632e-01   2.9747463786688538e-01   1.9754782918582969e-01   2.5110504414439511e-01   3.2380330673165492e-01   2.8939482442833114e-01   3.7894987793637802e-01   3.9593323665834712e-01   3.2453368164113661e-01   3.4798060115348262e-01
   4.0340022872962811e-01   1.0385680421315693e-01   4.1178610803327514e-01   2.5892235535977587e-01   3.7201122026037092e-01   1.3162194177980097e-01   3.6439168250771165e-01   3.8152387923914094e-01   2.7378253376733036e-01   2.8287674648053163e-01
   1.0531986572556089e-01   3.1130107488406383e-01   3.3717996230341118e-01   3.4149552447904630e-01   2.7373811666919329e-01   4.1762484739681910e-01   2.5590099697495738e-01   1.4203060423159106e-01   4.0072182168427961e-01   3.5918476441666392e-01
   3.4794042129305447e-01   3.6925067853629256e-01   2.0583417053958281e-01   3.6664400139860448e-01   3.2313627218943375e-01   3.1409799243666431e-01   1.7765172035150689e-01   3.9738811933618962e-01   4.0118546364866020e-01   1.6913186457810414e-01
   3.9701030229645490e-01   3.9080729718112750e-01   2.9508878778011766e-01   2.7655612096542920e-01   3.7236201679868419e-01   1.9359414941254491e-01   3.4790862755919777e-01   3.6533158161830886e-01   5.3772707621088552e-02   2.3168534527325360e-01
   9.0868021363541315e-02   3.7601900158472973e-01   1.9805924550364673e-02   3.8696319607850549e-01   2.1546020958521381e-01   2.6887876561824969e-01   1.8640794768894600e-01   2.8464531595004688e-01   4.1421405688794793e-01   3.0401488961070822e-01
   3.9251708719413486e-01   3.8491698903973148e-01   1.7256101150168837e-01   2.9815869000055994e-01   3.3936720870868420e-01   4.2556002990933040e-01   3.9000720303760977e-01   3.8260831907103360e-01   3.9460284925392664e-01   1.6548164627563131e-01
   1.4890382529850423e-02   2.7696710502459970e-01   4.2154001491153797e-01   1.1040004498643451e-01   3.8334041443914446e-01   3.4906236371148419e-01   2.1018494985538150e-01   2.3837434923673870e-01   3.2941930355624033e-01   2.2607886377891609e-01
   3.7115895290433731e-01   4.0585587772965204e-01   3.1743158736744914e-01   3.8272319930300736e-01   2.8934002564619188e-01   3.3960182030134078e-01   3.8167209391129892e-01   1.8275436788642149e-01   3.9993661465309466e-01   2.1114944606224875e-01
   1.6528265274010237e-01   3.6746572105873204e-01   2.9672022318846347e-01   3.3629856527460944e-01   2.9194757686389189e-01   9.6840408904612874e-02   1.4464385425419413e-01   3.3448425285689543e-01   3.6748859145065838e-01   3.9295276320832540e-01
   5.3698685155309782e-02   3.8899168882492191e-01   3.1354022516924346e-01   2.1689876849852807e-01   3.6868174877637294e-01   1.9874907132512821e-02   3.8276262373887077e-01   3.7648299512425987e-01   3.1637896759786593e-01   7.8826676140475449e-02
   3.2107804612089852e-01   9.4277146220488939e-02   3.7031559486702165e-01   1.0842218793167553e-01   3.9055954453819386e-01   3.9158255001264380e-01   2.8343648009613925e-01   2.0428684205534126e-01   3.4988926988999841e-01   3.7768651337469428e-01
   1.5621543797242096e-01   8.6041183267471802e-02   2.5148345840771930e-01   3.7056297040468911e-01   8.7337668070367289e-02   1.0463638416716385e-01   3.0032930670959090e-01   2.4775011768587052e-01   8.0495099568066983e-02   3.5832852945148741e-01
   3.5352515636707071e-01   3.2751118042007915e-01   4.1211933700920400e-01   3.6550205075767700e-01   2.9552815324781195e-01   3.6299306664442377e-01   1.3910982509272604e-01   2.2065344397884643e-01   3.8614299939870123e-01   1.8245967623581869e-01
   2.8170465468071731e-01   3.4801556676037571e-01   3.3145047095249480e-01   1.4757691639317211e-01   1.5025732407183465e-01   2.8554272295484778e-01   3.9378735349011729e-01   2.3305800269679672e-01   3.7899762437205703e-01   2.7710219123589747e-01
   6.6801999806920170e-02   3.7225091671256226e-02   2.1376048764788580e-01   2.3503853643636027e-01   3.8973651506733498e-01   3.2657438496809787e-01   3.4260278017054807e-01   8.6138358284999855e-02   9.6193276213135379e-02   4.0250536350126459e-01
   1.5456591162064301e-01   3.0706240102167298e-01   7.7019473492806800e-02   8.1398749638679477e-02   3.5394681408937873e-01   5.2393227293158630e-02   2.8309258050180036e-01   3.3470916818828483e-01   3.9076132756646853e-01   2.8885006545953362e-01
   2.0248016824979892e-01   5.7872038701135491e-02   2.3747185079703184e-01   3.4683199519403790e-01   2.0522841017574692e-01   9.9253842881332974e-02   3.5760370416910542e-01   3.9008395939321233e-01   1.9233090192745597e-01   1.4890504270837165e-01
   3.4188051110733975e-01   2.7895219090826123e-01   3.0259913645544828e-01   2.2435351502877746e-01   3.6062156217911373e-01   4.0474126268730237e-01   3.4431277096758517e-01   3.0790182688647044e-01   3.6327298073409475e-01   3.5559330638409653e-01
   2.7787433438036885e-01   3.6023600938313904e-01   3.4103805401161630e-01   3.6965617432843567e-01   3.6256374181464784e-01   3.6030428587393309e-01   2.7914041950628782e-01   1.6494499806016477e-01   3.2284396701576873e-01   3.6603330294896275e-01
   4.0598234314246712e-01   3.6240094532794087e-01   2.4367850665316693e-01   1.2454025476224470e-01   3.7532409801160876e-01   4.1007139661219510e-01   1.8773886556813643e-01   3.4915310276952127e-01   2.6347787835022279e-01   3.5798259048038522e-01
   3.8812969681700638e-01   4.0513589282222073e-01   4.0735089833300797e-01   3.8999634166934932e-01   3.5221768739420672e-01   1.9983404155425405e-01   1.8308939626812062e-01   3.7802676553085413e-01   2.1995650078960496e-01   3.5273440951858748e-01
   4.0216514496016559e-01   2.7039522577474134e-01   2.0014867709606576e-01   3.7932541645443135e-01   3.0286797273649624e-01   3.7211727280009876e-01   3.9599549301247422e-01   1.4871938013776337e-01   2.3722013086402513e-01   2.1423181262772809e-01
   2.2896968277258295e-01   4.1212360986902880e-01   5.6851997001957408e-02   1.7058528478230742e-01   1.1502470054860049e-01   1.4162401378926814e-01   3.3774170711759932e-01   3.8201113113908791e-01   3.7197629322490200e-01   3.3165214619883654e-01
   3.6188096971073391e-01   1.4470157742269879e-01   3.6374572743275829e-01   3.7217486708028363e-01   1.2500160315241274e-02   3.9053421835816288e-01   2.7192912389197460e-01   4.4732705755868372e-02   7.0200740027716715e-02   8.7413015602730723e-02
   1.8666875082615805e-01   3.1346977070843524e-01   1.2944157594414157e-01   3.2864117821133998e-01   3.9371021165417147e-01   5.2855239041662061e-02   3.4724284344281720e-01   1.0513515335658867e-01   1.6284282759293661e-01   2.7158999281954432e-01
   6.6737205849358175e-02   4.1304248432104912e-01   2.8308240380937644e-01   1.9298967949769397e-01   3.7280218976697040e-02   3.1756870794166669e-01   3.6256171907515083e-01   3.9800680418282147e-01   2.3918968645216387e-01   2.6999660033928397e-01
   1.8081899772585827e-01   4.5764696835394351e-02   2.2793250841652793e-01   3.6909548774791717e-01   3.3369320112284956e-01   3.9201790739018155e-01   3.5345291969912196e-01   3.6788068196133517e-01   2.7459237202788628e-01   2.8254607611334903e-01
   3.2367145313063983e-01   4.1075391365492736e-01   3.2562119869374134e-01   1.5793000270179169e-01   2.9931669124024202e-01   3.9350233779226190e-01   1.5535981732981083e-01   3.9764104606815204e-01   1.4294345382097184e-01   1.6562183368692632e-01
   4.0130601932034921e-01   3.1411478839251006e-01   1.4994475719713832e-01   3.0419884232453287e-01   3.3828401644970696e-01   1.7807497045992382e-01   1.4343505935964709e-01   9.9319944625864853e-02   4.1176063289536052e-01   3.6577846232265865e-01
   3.8754982843479452e-01   1.3699309754312641e-01   3.7150094799838407e-01   2.8150192653556688e-01   3.4807211471957494e-01   2.6783495516459810e-01   3.2604729254158782e-01   2.9783447720801931e-01   3.9567273906680987e-02   2.8944750352239335e-01
   2.7824249559068193e-01   6.0637499367106933e-02   3.3637840688514620e-01   6.9811729802055544e-04   2.7885845942378190e-01   1.1814949383218115e-01   3.4454343421511241e-01   2.1207223112359652e-01   3.8299140738274684e-01   3.8137122469661766e-01
   2.8806702479029256e-01   1.2155860658776102e-01   3.3280043098599110e-01   3.6831829217476336e-01   3.3927891488303441e-01   3.6128746483983354e-01   3.9476870243404749e-01   3.1163128917648031e-01   6.7276970808019948e-02   3.0933719598894416e-01
   3.4362167987562464e-01   3.5064675189859124e-01   1.8117329278616598e-01   3.6786940136990615e-01   3.6815902408608198e-01   4.0181117954621726e-01   2.3443960829915925e-01   2.6445713602772652e-01   6.4397461897878700e-03   4.0739041749314087e-01
   2.2175586179814075e-01   4.1314797012861260e-01   4.1173485773890095e-01   3.4997555735881503e-01   2.2018559937910440e-01   3.5875538824856062e-01   3.4584874819874939e-01   2.2747742232303714e-01   3.4022860106355812e-01   3.3494969601134300e-01
   2.5878140430341817e-01   3.7283889817963434e-01   2.7032657406002386e-01   1.9767236532073085e-01   8.9128388176012915e-02   6.8091134921594923e-02   1.0888274619775881e-01   1.1691580589494097e-01   3.9473477034004550e-01   3.9189532593156567e-01
   3.1770930026772343e-01   1.1658063962223106e-01   3.7453126237840578e-01   1.5371378380119250e-02   3.6140214483475630e-01   2.7239307207142294e-01   3.2790868864319261e-01   3.6191174826147521e-01   2.7147435613174703e-01   1.9911184194660222e-01
   3.6145562097282963e-01   3.7913052104483103e-01   3.8241975249107368e-01   3.2632744646010520e-01   2.5015391266126474e-01   4.2452006184700775e-01   2.7087489046603969e-01   3.8333711023331279e-01   1.0910938235709433e-01   2.0133078891927472e-01
   1.4457879016370137e-01   3.4195508413444825e-01   1.7734593040148747e-01   2.4217326307255357e-01   1.1122466572168338e-01   3.3560016024651607e-01   3.9375096843269874e-01   4.0008952037638745e-01   1.0108486791550708e-01   3.1586618224494134e-01
   3.8981993436624546e-01   4.0845542568930993e-01   4.1981743690770262e-01   3.7772718601619665e-01   1.3717056909371214e-01   4.0213482236244680e-01   2.0530755972509293e-01   3.1925905893752887e-01   3.8736819497949682e-01   4.0255800330452368e-01
   3.6905383376075585e-01   2.1145865345233400e-01   3.1553725043104092e-01   3.6093795855248834e-01   2.2408337642696727e-01   3.7198940560103838e-01   1.5963642054324953e-01   2.9752239862001761e-01   2.9174811642998899e-01   3.8702353619699859e-01
   3.0923634439940761e-01   3.7407225988380938e-01   2.0249420152970415e-01   1.7421082544441996e-01   2.6953026244946543e-01   1.2533971354016116e-01   2.2816870243747064e-01   2.9477041281331295e-01   2.7580608969813331e-01   2.4586933932051575e-01
   4.0151084668180781e-01   3.6150022461017023e-01   4.2534454472109429e-01   2.8541964339282760e-01   3.0374130018047263e-01   2.5709306421945684e-02   2.2712896467089347e-01   3.3423419667828008e-01   4.0610815629635072e-01   3.4215222262632933e-01
   3.8150686846100818e-01   3.9094902542112453e-01   1.8533959087085985e-01   1.3613855597470054e-01   6.4896031682278116e-02   2.5663617166371383e-01   1.9531955677319923e-02   3.7125161593995681e-01   1.2514725279243125e-01   3.7351625720755399e-01
   2.2465229867065245e-01   3.8785438604360251e-01   1.9635016557196466e-01   1.1888805956503080e-01   3.2239078447726416e-01   3.6449849843110571e-01   1.1799435404624466e-01   3.5440233813955674e-01   1.2062048165206481e-01   4.0464174862778685e-01
   1.9396644058625068e-01   1.8841928110581838e-01   1.2978111895609518e-01   3.9239597093715672e-01   1.8102142963820619e-01   3.2179167350540699e-01   3.2011105876527041e-01   2.3936081598125614e-01   3.5647178302684851e-01   3.2627056816368943e-01
   3.7313353497712293e-01   3.5959517124145435e-01   3.8115472773206704e-01   1.9554839305918797e-01   3.4552512899739629e-01   2.9528221611832167e-01   3.5966072345012540e-01   3.8646429651592495e-01   4.0887674169755339e-01   3.8747302171428533e-01
   3.6828755290308723e-01   3.4379100400674906e-01   4.1910379323522018e-01   7.5794517158484856e-02   8.9697804555308625e-02   1.5508647525726610e-01   3.9041999506691988e-01   1.2279571811170320e-01   7.0958249532464240e-02   1.6743897282051709e-01
   1.7477173039310642e-01   3.3420422171456121e-01   4.0098890215148542e-01   9.6106549631917934e-02   2.4669275818167377e-01   3.5231386617441490e-01   3.9224788432613550e-01   2.9537904281453359e-01   6.7108926276620628e-02   3.8649461090987886e-01
   3.8575338774689366e-01   3.7003086347037367e-01   2.1795528250294086e-01   3.6995940555158857e-01   1.9898281212541993e-01   2.7642505824820440e-01   3.1025109842112641e-01   3.9769369004073168e-01   3.9907790693173573e-01   3.4826318365377074e-01
   2.7391013072429504e-01   2.7632539149269797e-01   4.0167499541478829e-01   3.6038453381966629e-01   1.0332016839795777e-02   2.8028373450557253e-01   4.9450428849856726e-03   3.8975554968109155e-01   3.0375387948500365e-01   1.8314290875193082e-01
   1.1888397040589238e-01   3.9739451146902982e-01   1.9845702048494288e-01   3.8901559015441040e-01   3.0468774733011700e-01   4.2064385493356454e-01   3.3989049345147918e-02   5.4303257570428316e-02   1.4647579395207092e-01   3.4641370199161514e-01
   4.0218816958077924e-01   2.1696858061221921e-01   3.9894629028931106e-01   6.5831385771680365e-02   1.5096481315190605e-01   2.8468386742012786e-01   3.2138097559280082e-01   4.0211660036434949e-01   3.6729353832445749e-01   4.0299806088972900e-01
   9.6405222150573441e-02   4.0424422219232981e-01   3.7335064789370631e-01   2.2486401439259857e-01   3.7153755848363346e-01   3.2227044521804915e-01   4.0079566230993430e-01   2.9266768534701371e-01   2.8251577005870548e-01   7.9748285186001258e-02
   9.1691933141462414e-02   3.0050906324691345e-01   2.6397042310166551e-02   3.6567865381648301e-01   3.8956053576326266e-01   3.8479846806056600e-01   3.8878670651174435e-01   3.5959587133942444e-01   2.8383155087782980e-01   4.0631972373576802e-01
   6.9966716912638019e-02   1.8148536399237117e-01   4.2666390282257216e-01   3.7705692339711999e-01   2.6623393264384171e-01   9.6224121317309175e-02   2.8285150258878006e-01   3.1879318894622272e-01   3.1581413839132483e-01   3.9121974510962798e-01
   2.7121385304797558e-03   6.1684489093024583e-02   1.9378667816990175e-01   3.0626368491988715e-01   2.4024759159125794e-01   3.9978859788512372e-01   3.1678115184726624e-01   3.6390409065108448e-01   2.0882545048835294e-01   2.5096323228083467e-01
   3.5547133159272415e-01   3.5254201056898010e-01   1.2619236427917463e-01   3.1031080886455892e-01   3.3473499879427893e-01   4.1025986010515703e-01   3.8042490508245469e-01   3.9459658426373412e-01   4.0184359973127032e-01   2.6429006108805114e-01
   3.4881320895443807e-01   3.5929722493595750e-01   4.2418185547182752e-01   3.5443710692081631e-01   3.9207872141757044e-01   3.4199252448027645e-01   2.7113433579649082e-01   3.9437557945344970e-01   3.8233937414496483e-01   3.9094347198183244e-01
   3.5332993290699327e-01   2.8011790150715232e-01   2.4293573848307673e-01   3.4149019281415760e-01   3.5758240574861638e-01   3.9082526347740082e-01   1.0378300405498612e-01   2.9434321484085380e-01   1.2656863247676822e-01   3.9131952813197418e-01
   3.7462614375186387e-01   3.4065184745667032e-01   6.8196582251745907e-02   4.1729317491595225e-02   1.5859657637808508e-01   3.5171597739663341e-01   2.6975852878638146e-01   4.0151826881736068e-02   2.8111305771659634e-01   2.2964536463415319e-01
   1.9837178769227973e-01   1.1135621409701019e-01   4.1156883611894407e-01   2.9092698161232206e-01   3.9203475395140946e-01   3.3606928514676049e-01   2.4594146787871202e-01   3.6537733394822314e-01   3.3072017095361417e-01   1.7756651088166364e-01
   3.9222498967322483e-01   1.6939624279580656e-01   2.4016347343811290e-01   3.0563191204237583e-01   2.8745915886862727e-01   2.1325153042705461e-01   3.2966028094254279e-01   3.2438953755929156e-01   1.6807745229221929e-01   3.9033596054082451e-02
   3.1406738993458427e-01   3.6114391949210078e-01   2.3080799778923322e-01   1.5413152407604472e-01   3.7331575712796028e-01   7.4944183675217588e-02   3.8206070054994290e-01   3.9669081844243770e-01   3.0988531537890707e-01   4.0469285204300437e-01
   3.1451715238760491e-01   3.5499073723839053e-01   8.0061574535198757e-02   3.5349956791003767e-01   3.8621982667069898e-01   3.1019769636569189e-01   2.2443354297263912e-01   1.1189621371077221e-01   3.6494160147079746e-01   3.8942864720415638e-01
   1.9681287986761614e-01   9.4521082239748033e-02   4.1968970000171807e-01   3.5471398994041753e-01   1.7449240104493316e-01   3.4488583327608469e-01   2.9046439874744368e-01   3.2598964798939251e-01   3.9847620355695085e-01   3.9278374333556648e-01
   1.4518628563172120e-01   5.9749092566593970e-02   4.2400605868277187e-02   2.9516941040030492e-01   1.9638953659235181e-01   1.4023403394445302e-01   3.1775874947810041e-02   3.4807199294394864e-01   3.4669794778150570e-01   2.1869749051975476e-01
   3.6430823629965209e-01   4.0912659588493305e-01   4.7133531193103650e-02   2.8783050870320553e-01   3.9112831385831703e-01   3.4419361178711511e-01   2.9563564103972134e-01   2.2477935520638290e-01   1.5737070311378532e-01   2.1006052380307144e-01
   3.9346835401446140e-01   4.0716680365424268e-01   4.0061069509888375e-01   3.6259943658702321e-01   3.3084543437577413e-01   1.2871840270520765e-01   2.5371986689779524e-01   3.6939835443355662e-01   2.5899916976884141e-01   3.9754353801317421e-01
   3.6889236949366755e-01   4.0858476418606610e-01   2.8493061534372899e-01   3.7365041411766681e-01   3.8882092555498388e-01   1.2768492780273599e-01   1.9855507847422152e-01   1.5010884506589911e-01   1.7418459955997237e-01   3.1144635366866580e-01
   3.7480554172838948e-01   2.9160254694760884e-01   1.5566228117733788e-01   3.4427059093376167e-01   3.6750298693735534e-01   3.0183023668079439e-01   3.0427976213431757e-01   3.3548003444966928e-01   3.8177207340052609e-02   3.3868527340107446e-01
   2.9240353876445407e-01   3.7132041510878133e-01   3.9148072099600900e-01   3.0599088451134682e-01   1.6273703826331451e-01   3.8388107946738731e-01   1.9400797338913234e-01   8.9748242013428736e-02   3.5490601637934882e-01   3.7309386206767414e-01
   2.9036589487661235e-01   2.2373598931078612e-01   3.8134256950133533e-01   2.9625231137076080e-01   1.9401502931433176e-01   4.7917460672198896e-02   3.4248476582739673e-01   3.4528482936847532e-01   4.1418220979832754e-01   2.8602032246689374e-01
   4.0790409863797322e-01   3.9201846632344850e-01   2.5825986880718704e-01   3.3930094254626886e-01   3.9374615492354653e-01   3.9999379672890356e-01   3.5133715967166707e-01   3.6522820586080190e-01   2.6012945033348706e-01   4.7844217679649220e-02
   4.0662599302850005e-01   3.6327887612944471e-01   4.6189281896041288e-03   3.7593840804645134e-01   3.1470148664244851e-01   3.2166495562573477e-02   5.7387123789642384e-02   4.5990319613414023e-02   7.0471069065121489e-02   2.2270052740033089e-01
   2.1212160969709432e-01   2.6738312165674777e-01   4.2505932340361707e-01   2.3201390914608327e-01   3.0938127633098295e-01   3.9902799852620113e-01   3.0497154859833986e-01   2.2455989396586318e-01   3.9659874855415461e-01   3.8547388621305828e-01
   3.2905461830142796e-01   4.1231525819058829e-01   2.8704798138960141e-01   3.3113673538795912e-01   3.9294781466550815e-01   3.4619593750366900e-01   3.4971254524425448e-02   3.7699757379106980e-01   3.7519829645587549e-01   3.8597534258403665e-01
   2.8490044306828261e-01   3.9428071988812596e-01   3.3822717020174015e-01   1.4636872714176918e-01   6.8475579647307730e-02   3.4169600931015698e-01   3.7220076638015176e-01   3.3902885178109998e-01   4.1333036727459566e-01   6.1464637292144915e-02
   3.4799073799544228e-01   1.0871064455500830e-01   2.1998697158773917e-01   3.7797835062714463e-01   1.4421667730516247e-01   4.1176531604566724e-01   2.4102527414133409e-01   1.9758111827787989e-01   4.1360440365664325e-01   3.9780760882634836e-01
   2.4230192201717055e-01   1.7746960902549055e-02   4.1205343485160084e-01   3.5892861386744712e-01   3.0683855209577227e-01   3.2955398709752931e-01   3.8177187497628368e-01   2.5856791030159287e-01   3.2907711261051215e-01   1.8586530414978591e-01
   3.4359518230733194e-01   4.4600223061346922e-02   2.0594822684189876e-01   3.5339728679373655e-01   1.6856640319942692e-01   4.1965302802870724e-01   1.3741559339277090e-01   2.0004745878222160e-01   3.6582325476993904e-01   1.8673243487169722e-01
   1.2113935613222256e-01   4.0834639656175142e-01   3.8650538645759952e-01   3.6151664356946783e-01   2.7913033872074521e-02   1.6067426979806226e-01   3.4181933803435710e-01   1.3782702686935880e-01   4.1144595355355507e-01   3.1643141282732956e-01
   3.3995698904508009e-01   4.0799969893311155e-01   4.3689039137714714e-02   3.4115632221527870e-01   3.7158267906487297e-01   9.1089619205146008e-02   2.7426966900886895e-01   3.8514333310417465e-01   2.0519036702632168e-01   2.0886124938537240e-01
   2.8724890840488126e-01   3.0297837863314786e-01   3.3473082186376873e-01   3.6754242004905824e-01   2.7735564596816753e-01   4.0677179534944730e-01   1.6606812253489883e-01   3.3707054056444813e-01   2.0814931285868610e-01   2.6258442363681306e-01
   4.0030928614480943e-01   3.1632496069265109e-01   3.9316210976853289e-01   1.1372010612006120e-01   3.1834852242594835e-01   4.0520488151450340e-01   3.3193582750131279e-01   2.4106802846011430e-01   2.5428766386655899e-01   3.5242005954902129e-02
   3.2448788624574849e-02   1.3716008806079827e-01   1.3606078645964526e-01   2.8167473865334824e-01   3.8225457593707224e-01   3.3943505989658557e-01   7.4257900044565214e-02   3.4479678368522687e-01   3.0917954647714668e-01   3.9971112904845540e-01
   8.9780763252805137e-02   7.4448375143511908e-02   3.0435926774930705e-01   2.4912407475039200e-01   3.5124366138063018e-01   1.4258830678281001e-01   2.9166397132599153e-01   2.5700458884230293e-01   2.7241882513199528e-01   3.7620068491042002e-01
   1.3671689875484258e-01   2.8120823697519143e-01   4.0908824750845219e-01   2.2194454104755784e-01   2.9764695744015868e-01   3.5939997993255074e-01   3.4998800983606371e-01   2.8557693031525844e-01   3.8876331921025015e-01   3.7400055098846258e-01
   2.4873852029960750e-01   4.0130128430018808e-01   2.8063459921216671e-01   3.5927050422301338e-01   1.7822066520146509e-01   3.9338251154298143e-01   2.7072641626417399e-02   3.6995966040526052e-01   3.9219769439996627e-01   3.4012505520824127e-01
   3.7423062498482201e-01   3.3201462998770254e-01   2.2702691042253115e-01   2.9480544752399401e-01   3.6337088922966482e-01   3.6688086191897196e-01   1.9232218585541971e-01   3.3411818909695790e-01   1.2415302151306672e-01   8.5460001402008323e-02
   3.3981224564433438e-01   3.9004848099642186e-01   2.9789986717935496e-01   2.1693051040795130e-01   3.4843942150156804e-01   2.0696366569413954e-01   3.2636934061680073e-01   2.3316202495464280e-01   1.2830208688620368e-01   3.6734558420876756e-01
   3.8833410251481493e-01   3.4032142818006672e-01   2.8557579532489208e-01   2.3867187144057667e-01   3.5154056380585375e-01   4.0445225686708303e-01   3.8306481996742942e-01   4.0164123128796542e-01   3.4447209731496453e-01   3.4378926049738218e-01
   3.9009302784263467e-01   2.4146378400185994e-01   3.3671050617253118e-01   1.9215032158118014e-01   3.3628516403834091e-01   4.2509127986631569e-02   8.1480573467155148e-02   8.7635896561179191e-02   3.5323317635978035e-01   8.5208713684220283e-02
   2.0274394260723186e-01   6.1538339794669508e-02   2.5044641281622898e-01   3.2722860308714691e-01   2.9682166773991325e-01   3.2808473549943751e-01   2.1656990982172050e-01   1.2559940581765355e-01   3.9532411720195537e-01   3.9622852954775917e-01
   3.0867697598717225e-01   5.8086565087746997e-02   2.9084463947470274e-01   3.4588669298885316e-01   1.7842626784745269e-01   3.7523827782264302e-01   2.0865337884739421e-01   3.9794636324565841e-01   3.9114121347300085e-01   2.6508942910205102e-01
   3.8817115828584603e-01   2.1832899868105893e-01   3.8314670577123244e-01   5.0504966039422741e-02   2.7598224060662235e-01   5.4507706003327328e-02   2.2606206973648849e-01   2.8312391639801887e-01   2.1546032170468529e-01   1.4457444079240966e-02
