   1.1630999583930666e-05
   2.6455970264474089e-08
   3.7701406712769933e-06
   9.4564335287875150e-07
   9.6350848967847215e-06
   2.2405318523550829e-06
   2.4100477412276512e-06
   6.2751010477440858e-06
   1.2053145592980884e-06
   1.0803476964783978e-07
   9.7336572743634029e-06
   1.0051270806211366e-07
   1.2078412733607703e-05
   1.4662668475649593e-06
   7.5921710393563857e-08
   1.2839711479417964e-06
   3.2177817759645706e-08
   4.9182997486987305e-06
   2.1638138025598983e-06
   2.5558222865252213e-08
   7.0224364645451683e-08
   7.4832257958831725e-08
   8.3518232087503633e-06
   9.7039607935476273e-06
   3.8987556711808124e-06
   8.4727512217331244e-06
   3.0248988459415106e-06
   2.6488682621528588e-07
   2.7192752787144313e-09
   9.1483505164785355e-08
   1.3216087363239382e-07
   1.0951119622843486e-06
   1.2492899410420328e-06
   8.5534645457101640e-07
   6.8503740799744203e-07
   8.9276259407987169e-10
   1.2919308658901267e-06
   2.4223530206119213e-07
   1.1503793598878187e-05
   9.6635174136798998e-08
   1.3797759757938135e-07
   4.5836154935438746e-06
   4.1729832078553090e-07
   1.1128309806965500e-05
   4.4601562746962667e-06
   6.5637780930396820e-07
   1.6054464825672327e-06
   2.2235798158830576e-08
   5.0396590934633384e-07
   1.0650042821959080e-06
   2.2604242400457971e-05
   2.4561472071809053e-08
   6.3280072210252082e-07
   1.2459906506172363e-05
   2.0501094086042863e-09
   5.4540786386549113e-08
   1.9669726823002916e-06
   1.4481070005986045e-06
   6.4350210977809980e-07
   7.7698964763988624e-07
   8.9560562891983619e-09
   1.1647139356002487e-05
   4.1157536014553278e-05
   2.0750353868823418e-06
   1.5019568997231413e-08
   1.8776600819723809e-06
   1.9391786303052009e-07
   2.0669287977671499e-06
   1.4457702711911525e-06
   2.3814304531421745e-06
   1.6676013065913011e-09
   4.2337020280789203e-07
   1.0254831149239769e-05
   1.6070483291573685e-06
   9.3473155363465683e-07
   2.1601861272654519e-06
   8.4589822547287514e-07
   2.9819997451676014e-06
   1.0421007312605903e-10
   7.4989627961504634e-06
   3.0740374271159216e-06
   5.2953347028000097e-07
   1.7640213070289635e-06
   3.5763884089748042e-07
   2.2549317788885689e-07
   1.9278081800839141e-07
   3.1295109437575928e-07
   3.0224283665207379e-06
   5.6412283711315446e-07
   4.2311427875133829e-08
   1.7878478849340150e-07
   5.0146061399898856e-06
   1.1907782062947781e-06
   1.0471373713722941e-06
   2.5572481850188050e-06
   2.4099017213672606e-05
   4.3451375489889817e-08
   6.4084210113158796e-07
   1.2437868713828313e-06
   7.0088295202519543e-09
