         6        11        13        17        19        16        13        18        11        14
 
         3         7         7         9        11        13        11        11         5        10
 
         4         7         6         6         8        10         6         9         5         9
 
         3         4         2         4         9         7         3        10         2         6
 
         3         3         0         1        10         9         5         7         2         5
 
         4         2         0         2        10         9         6         9         2        11
 
         7         3         3         2         8         9         5         9         2        11
 
         9         3         3         2         8        10         5         8         2        11
 
         7         6         4         4         7        10         6         9         4        11
 
         7         6         4         5         6        12         6        10         5        11
 
         7         5         4         5         6        11         8        10         7        12
 
         7         7         3         3         6        10         8        11         6        12
 
         7         9         4         4         6        10         9        13         6        12
 
        10        10         5         4         6        11         9        14         6        12
 
         9        10         7         4         7        12        12        13         6        13
 
         9         7        10         5         6        14        11        12         6        13
 
        10         7        10         4         6        17        12        12         6        14
 
        10         7         9         4         7        12        13        13         6        14
 
         9         8        12         6         7        12        15        12         6        16
 
        10         9        12         5        10        12        14        12         7        17
 
        11         8        12         3        11        14        13        13         6        17
 
        11         8        11         3        12        14        14        12         7        17
 
        11         9        11         5        13        15        13        12         8        16
 
        10         8        15         4        13        14        14        13         8        16
 
         9         8        14         4        13        15        15        12         8        14
 
         9         8        14         8        16        14        16        13         8        15
 
         9         8        13         4        18        14        17        12         9        16
 
        10         8        13         5        17        16        18        12        10        15
 
        11         8        13        11        17        15        19        12         9        16
 
         7         7        16         3         6         4         4         4         8         6
 
        12         9        14        10        17        16        19        14         8        16
 
         9         9        14         7         5         6         7         3         8        12
 
         6         9         7         7        11         6         7        12         6        12
 
        11        10        13        10         7         7         8         4         6        11
 
        12        11        13        12        11         5        12        15        11        15
 
        11         8        11        11        10        11        11         6         7        11
 
        10         9        12        12        12        10        10         6        10        12
 
        10         8        17        13        17        16        20        13        14        18
 
        10         9        18        15        14         7        18        15        17        15
 
        10         9        19        15        14         8        17        16        16        15
 
        10         9        17        15        14         8        18        15        16        15
 
         9         8        16        25        19        15        20        14        15        17
 
         9         9        19        17        16        10        13        11        12        12
 
         9         9        17        15        17        10        14        10        12        12
 
        10         8        16        23        19        14        18        13        15        17
 
         9        11        17        20        17        14        17        15        15        18
 
        12         9        15        15        18        10        18        11        13        14
 
         9        11        15        20        17        15        18        15        16        17
 
        10         9        16        22        20        15        18        13        17        17
 
         8        10        15        20        17        15        18        14        18        18
 
        11         8        16        22        20        15        20        13        17        16
 
        10        11        18        21        18        16        21        16        14        14
 
         9         8        16        22        22        15        21        13        22        16
 
         8        10        16        21        17        16        19        14        21        17
 
         9         8        15        22        20        15        21        14        18        16
 
         8        10        16        21        17        15        16        14        23        16
 
         9         9        17        22        20        17        21        15        16        17
 
        10         9        15        22        24        16        23        15        19        15
 
         9        12        16        22        17        15        20        14        22        16
 
        12         8        15        22        24        16        20        15        20        15
 
        10         9        17        22        20        16        24        16        19        17
 
        10        10        17        21        20        17        24        16        20        18
 
        10         9        16        21        22        17        21        16        19        18
 
        11         9        16        21        22        17        19        15        19        18
 
        10         9        16        21        20        16        19        14        19        18
 
        15         9        16        23        22        16        18        15        22        16
 
        10         9        14        22        17        18        21        15        19        17
 
        10         9        14        22        17        17        21        16        19        17
 
        10        10        14        22        18        17        21        17        19        17
 
        12         9        16        22        19        16        18        14        19        16
 
        10         9        14        23        17        17        22        15        19        17
 
        11         9        16        22        21        15        24        14        19        18
 
        11         9        16        22        21        15        23        14        19        18
 
        10        10        14        21        21        18        20        17        20        18
 
        10         9        16        22        21        15        19        14        18        17
 
         9         9        16        21        22        18        19        15        19        16
 
        13         8        15        23        22        16        21        16        22        17
 
        13         8        15        23        21        16        20        16        23        17
 
        13         9        15        23        21        16        23        16        23        17
 
        13        10        15        23        21        16        21        16        23        17
 
        10         9        16        23        19        15        20        14        20        18
 
         9         8        16        23        18        16        21        14        20        16
 
        11        10        15        24        20        16        23        16        21        17
 
         9         9        16        23        20        16        21        14        19        16
 
         8        11        15        21        21        15        20        14        19        16
 
        11         9        16        22        19        15        22        14        20        16
 
        10        10        15        21        22        16        22        15        17        16
 
        10        10        15        21        22        16        21        15        17        16
 
         9        10        15        21        22        16        20        15        18        18
 
        10        10        15        21        22        15        21        15        19        18
 
        10        11        17        25        22        16        20        15        19        16
 
        11         8        18        23        21        16        22        17        21        17
 
        11         8        18        24        21        16        23        18        22        16
 
        10         9        15        24        21        14        21        15        20        17
 
        11         9        18        24        20        15        22        17        22        16
 
        13         8        17        24        19        16        22        17        22        16
 
        11        10        15        21        21        20        21        15        19        17
 
        11        11        17        24        18        14        22        15        21        17
 
        12        11        15        23        21        18        23        15        18        17
 
        10         9        18        24        20        16        23        16        22        16
 
        10         9        17        24        19        16        22        17        21        18
 
        11        11        15        22        18        18        25        16        19        16
 
        10        11        18        23        19        14        23        15        24        15
 
        11        10        15        21        19        16        23        15        22        17
 
        10        10        15        22        19        16        24        15        21        17
 
        10        11        18        24        20        14        24        15        22        16
 
        11         9        16        26        21        16        20        16        24        16
 
        10        11        16        21        20        16        21        18        21        16
 
        11        12        17        24        20        15        24        15        21        15
 
        10        12        16        25        20        15        24        15        21        15
 
        10        11        17        23        23        15        19        16        20        17
 
        10        11        17        23        23        15        18        15        21        16
 
        10        12        15        21        21        18        23        16        20        18
 
        10        10        18        23        21        16        20        15        21        16
 
        10        11        18        23        21        16        20        15        22        16
 
         9        10        16        21        22        20        21        15        20        18
 
         9        10        17        21        21        20        21        15        20        17
 
         9        10        17        21        21        18        20        16        20        16
 
        11         9        16        23        21        15        21        16        21        17
 
        11         9        15        25        21        17        24        15        22        17
 
        12         8        15        23        21        16        24        15        22        16
 
        10         9        17        23        19        14        22        16        21        16
 
        11         8        17        23        20        14        23        16        22        16
 
        11         8        17        24        20        14        23        17        22        17
 
        11         8        16        24        19        14        21        15        22        17
 
        10         8        16        23        21        15        19        14        18        18
 
        10         8        18        23        21        15        19        14        21        17
 
        11         9        16        23        20        15        21        15        24        17
 
        12         8        16        23        21        15        21        15        22        17
 
         9        15        15        21        21        18        19        15        20        16
 
        10         8        16        23        21        15        18        14        20        16
 
         9        12        15        21        22        19        20        15        20        16
 
        11        12        16        21        22        19        17        15        22        16
 
        11        12        16        22        21        19        20        16        23        17
 
        10         9        16        24        21        16        20        15        24        16
 
        11         9        15        23        20        15        19        15        20        17
 
        10        11        17        21        21        17        21        15        20        17
 
        10         8        18        24        21        16        21        15        23        16
 
        10         8        18        23        21        16        20        15        22        16
 
        10         8        19        23        22        15        19        15        23        16
 
        11         8        16        22        21        16        20        16        20        17
 
        11         8        16        22        19        15        19        16        20        17
 
         9        11        15        22        20        18        20        17        19        16
 
         9        12        13        21        20        17        20        17        19        16
 
         9         8        17        22        19        17        19        16        22        16
 
         9         9        15        22        20        15        23        15        19        16
 
        12        12        14        20        23        17        20        16        20        16
 
        12         8        15        23        20        15        22        15        21        16
 
        10        11        14        21        24        17        19        15        20        16
 
        11         8        17        22        20        15        22        15        21        16
 
        11         9        16        23        19        15        23        15        21        16
 
        11         8        16        23        21        16        19        15        23        19
 
        10         8        15        23        20        15        24        15        23        16
 
        11         9        16        23        20        15        20        15        19        17
 
        11        12        13        20        21        17        20        15        18        17
 
        10        12        14        20        21        17        23        15        18        17
 
        10         9        15        23        21        15        24        15        20        16
 
        10         9        15        23        21        15        22        15        20        16
 
        11        12        14        20        22        19        23        16        22        16
 
        10        10        15        23        21        16        20        16        19        16
 
        12         8        18        23        21        17        19        15        22        16
 
        10        11        16        23        18        15        21        16        20        18
 
        11        11        18        24        19        17        20        15        21        16
 
        10         9        16        23        18        16        21        16        21        19
 
        10         9        16        24        19        16        20        16        20        18
 
        10        12        15        20        20        19        22        16        22        17
 
         9        10        19        24        20        19        21        15        18        17
 
        10         9        16        23        19        16        23        15        20        17
 
         8        12        17        20        21        20        22        15        22        18
 
        11        12        17        20        21        20        22        15        21        18
 
        11         9        17        24        20        16        19        15        20        16
 
        11        13        15        20        22        18        21        15        22        17
 
        11        13        14        20        22        17        21        15        22        16
 
        11        13        14        21        22        17        19        15        24        16
 
        10         9        17        24        19        15        20        15        22        18
 
        10        10        14        20        22        17        18        16        24        16
 
        10        10        14        21        22        17        18        16        22        17
 
        10         9        18        23        21        15        18        15        22        16
 
         9         9        17        23        21        15        18        15        22        16
 
         9        10        13        21        22        17        19        16        24        17
 
        10        12        13        20        22        17        20        15        24        17
 
        11         9        14        20        21        17        22        15        24        17
 
        11         9        14        20        21        18        23        15        26        17
 
        11         9        13        20        20        18        24        15        24        17
 
         9         9        17        24        19        15        19        15        21        17
 
        11         9        17        23        22        15        22        16        21        17
 
        10         9        18        23        22        16        22        15        20        18
 
        11         9        18        23        22        15        20        15        20        18
 
        11         9        14        20        22        17        20        16        21        18
 
        10         9        19        23        22        15        21        15        21        18
 
        11        10        20        23        22        15        20        15        20        17
 
        10        10        18        23        21        15        21        15        20        17
 
        12         9        16        20        21        18        23        15        22        19
 
        11        10        17        23        20        15        23        15        20        16
 
        13        10        17        23        22        16        21        16        21        16
 
        10        10        17        23        20        16        21        15        21        16
 
        11        10        15        20        20        20        21        16        22        17
 
        11        10        15        21        20        18        22        16        22        18
 
        10         9        18        25        21        15        22        15        21        16
 
        10         8        18        25        20        15        21        15        22        16
 
        11         9        15        22        20        17        22        15        19        19
 
        11         9        15        22        20        17        22        15        19        19

