            0            0            0            0   9.9999e-06   9.9999e-06            0            0            0            0
   1.5280e-02   2.4800e-03            0            0   2.7240e-02            0   7.8199e-03            0   2.0500e-03   9.9999e-06
            0   4.6700e-03            0            0            0            0            0            0            0            0
            0   1.8000e-03            0            0            0            0   5.0000e-03            0            0   9.7899e-03
            0            0            0   1.0140e-02            0   9.9999e-01   9.0497e-01   9.9999e-01   9.4944e-01   3.1340e-02
   3.3120e-02   7.6299e-03   3.0340e-02   3.2130e-02   1.9700e-03   9.9999e-01   9.4695e-01   9.9999e-01   9.9999e-01   3.6270e-02
   4.3570e-02   1.0380e-02            0   6.0689e-02   7.1999e-04   9.9657e-01   9.9999e-01   1.0000e+00   9.9999e-01   1.6100e-03
   1.0400e-03   1.2950e-02   2.1260e-02   2.7500e-03   1.7950e-02   9.9999e-01   9.9999e-01            0   2.1850e-02   3.4700e-03
            0            0   6.8879e-02            0   2.2130e-02   8.9515e-01   9.9999e-01   9.9999e-01   9.9999e-01   4.6900e-03
            0            0            0   1.3590e-02            0            0            0            0            0            0
            0            0            0   2.9600e-03   3.1000e-03            0   7.7499e-03   7.3299e-03            0   1.5150e-02
   9.0599e-03            0   6.7799e-03            0            0            0            0            0            0   2.3300e-03
            0            0            0            0            0   9.9999e-06            0            0            0            0
            0            0            0   5.7799e-03            0   2.8800e-03            0            0   9.8099e-03   1.8280e-02
            0   9.9999e-06            0   1.7690e-02   2.3080e-02            0            0   9.9999e-06   1.1580e-02   9.9999e-06
            0            0            0            0            0            0            0            0            0            0
            0            0   9.9999e-06   9.9999e-06            0   1.8380e-02            0   4.3400e-03   7.3999e-03            0
            0            0            0            0   6.9999e-03   9.9999e-06   7.1199e-03            0            0            0
   1.9930e-02            0   1.2820e-02            0            0            0            0            0   1.3420e-02            0
            0            0            0            0            0            0   3.4900e-03            0            0   4.3000e-03
   9.9999e-06            0            0            0            0            0            0   1.4000e-04   2.6800e-03   9.9999e-04
            0            0            0            0            0            0            0            0            0            0
            0   9.9999e-06   7.1199e-03            0            0            0   3.4700e-03            0            0            0
            0            0            0            0   2.6500e-03            0   1.0300e-03   9.9999e-06   1.9420e-02   9.9999e-06
   7.8199e-03   3.9200e-03            0   9.9999e-01   9.9999e-01   9.9999e-01   9.9999e-01   9.9999e-01   2.5490e-02   3.2120e-02
   4.3940e-02   5.2279e-02   3.3000e-02   9.9999e-01   9.9999e-01   9.9999e-01   9.9999e-01   9.9999e-01   2.9780e-02   6.5559e-02
            0            0   5.8799e-03   9.9999e-01   7.6499e-03   9.9999e-01   6.5599e-03   9.9999e-01   5.8359e-02   2.8810e-02
            0            0   1.3370e-02   9.9999e-01            0            0   9.9999e-01            0   9.9999e-06            0
   6.6089e-02   5.9499e-03   9.1999e-03   9.9999e-01   1.0000e+00   9.9999e-01   1.0000e+00   9.9999e-01   6.7849e-02   2.0390e-02
            0            0            0   9.9999e-06   1.0930e-02            0   1.7700e-03   1.5340e-02   2.3000e-04            0
   1.5400e-03            0            0   1.6100e-03            0            0            0            0            0            0
            0            0            0            0            0            0            0            0   5.6399e-03   4.1000e-03
            0            0            0            0   3.9300e-03            0            0            0   1.7520e-02            0
            0            0   9.9999e-06   9.9999e-06            0   9.9999e-06            0            0            0   3.4300e-03
            0   1.8550e-02   5.1403e-01   9.9999e-01   9.9999e-01   6.2469e-02   1.5220e-02            0   9.9999e-01   1.0000e+00
            0            0   9.9999e-01   9.9999e-01   6.1905e-01   1.9030e-02   4.6030e-02   2.7810e-02   9.9999e-01   1.3020e-02
   6.4649e-02   9.2679e-02   9.9999e-01   9.9999e-01   9.9999e-01   4.5540e-02   1.3641e-01   6.4199e-03   9.9999e-01   9.9999e-01
   1.0890e-02   4.5400e-02   9.9999e-01   9.9999e-01   9.9999e-01            0   1.2670e-02   3.1160e-02   5.7509e-02   9.9999e-01
   1.0390e-02   2.4441e-01   6.6220e-01   6.6140e-01   9.9999e-01   3.3884e-01   1.0080e-02   3.7190e-02   9.9999e-01   9.9999e-01
            0   5.0799e-03            0            0   9.9999e-06            0            0            0            0            0
            0            0            0   7.6899e-03   9.9999e-06            0   2.4190e-02   1.0420e-02            0            0
            0   9.9999e-06   4.2300e-03            0   2.9060e-02            0            0   4.0900e-03   9.9999e-06   1.3700e-03
   9.9999e-06            0   1.0790e-02   7.8599e-03            0            0            0   1.0240e-02   4.8200e-03   1.0830e-02
   4.7500e-03            0   3.7400e-03            0            0            0            0            0            0            0
   7.0005e-01   9.3539e-02   9.9999e-01   9.9999e-01   1.0000e+00   1.2930e-02   2.4000e-04   1.5920e-02   9.9999e-01   9.9999e-01
   1.0551e-01   6.3399e-03   9.9999e-01   6.2467e-01   9.9999e-01   9.9999e-01   1.9586e-01   9.9999e-01   9.8675e-01   9.9999e-01
   9.9999e-01   1.6943e-01   4.8130e-02   9.9999e-01   1.0000e+00   8.6399e-02   9.9999e-01   9.5987e-01   8.8907e-01   9.9999e-01
   9.9999e-01   9.9999e-01   9.9999e-01   9.9999e-01   9.9999e-01   9.9999e-01   9.9999e-01   4.0740e-02   9.9999e-01   1.0000e+00
   2.6150e-02   9.9999e-01   5.6964e-01   9.9999e-01   9.9999e-01   9.8598e-01   9.9582e-01   9.9999e-01   9.9999e-01   9.9999e-01
            0            0   9.9999e-06            0            0            0            0   9.9999e-06   1.4610e-02            0
            0            0            0            0   9.9999e-06   4.3200e-03   2.8200e-03   9.9999e-06   6.4599e-03            0
            0            0   2.7910e-02   9.9999e-06   9.9999e-06   2.1670e-02            0            0   5.4699e-03            0
            0            0   1.7690e-02            0            0            0            0            0            0            0
            0            0   7.1299e-03   8.4199e-03            0   8.4999e-03            0            0            0            0
            0            0            0            0   4.0100e-03            0   6.3799e-03            0            0            0
            0            0            0            0            0            0   2.3900e-03            0            0   2.9600e-03
            0            0            0            0            0            0            0            0            0            0
            0            0            0   9.0699e-03            0   1.1120e-02            0   9.2999e-04   2.6280e-02   1.0480e-02
            0            0            0            0            0            0            0            0   1.4100e-02            0
            0            0   1.2450e-02            0            0            0            0            0   9.9999e-06            0
   6.1399e-03            0            0            0   1.5900e-03   9.9999e-06   9.9999e-06            0   7.2599e-03            0
   3.3100e-03            0            0            0            0            0            0            0   1.5690e-02   2.3900e-03
            0            0            0            0            0            0            0            0            0            0
   3.2100e-03   9.9999e-06   9.9999e-06            0            0            0   3.2050e-02            0            0            0
            0            0            0            0   2.6920e-02   1.3000e-04            0   3.7800e-03   4.1060e-02            0
            0            0   9.9999e-06            0            0   4.1600e-03            0            0   4.1800e-03            0
            0   2.8800e-03   9.9999e-06            0            0            0   4.3500e-03            0            0   3.0000e-05
            0            0   4.0000e-04            0            0            0   9.9999e-06            0   4.0000e-05            0
            0            0            0            0            0            0   4.8900e-03   9.9999e-06            0   4.6200e-03
            0   2.0830e-02            0   5.3899e-03            0            0   8.9799e-03   1.6900e-02   7.9199e-03            0
            0   3.5300e-03            0            0            0   7.1499e-03   1.8960e-02   3.9400e-03            0            0
            0   6.6999e-03            0   1.4200e-03            0            0            0   9.9999e-06   9.9999e-06   1.2640e-02
            0            0            0            0            0            0   9.6999e-04   9.9999e-06            0   4.6600e-03
            0            0   6.0999e-04            0   1.0400e-03   9.9999e-06   1.6020e-02   1.8920e-02   4.1400e-03   1.1310e-02
   9.9999e-01   9.9999e-01   9.9999e-01   9.9999e-01   9.9999e-01   9.9999e-01   5.2919e-02   2.9910e-02   6.3329e-02   3.4230e-02
   9.9999e-01   2.8100e-03   7.5399e-02   9.9999e-01   9.9999e-01   1.0000e+00   1.1670e-02            0   4.4500e-02   2.7200e-03
   9.9999e-01   6.3250e-01   6.6115e-01   6.7538e-01   9.9999e-01   4.0765e-01   2.1785e-01   1.2370e-02   2.2180e-02            0
   9.0609e-02   9.9999e-01   1.0000e+00   9.9999e-01   9.9999e-01   1.6600e-03   5.6999e-03   1.2070e-02   3.9980e-02   9.7099e-03
   9.9999e-01            0   9.9999e-01   9.9999e-01   9.9999e-06   6.6799e-03   2.8700e-03   1.7620e-02   1.8720e-02   4.2300e-03
   6.9999e-05            0            0            0            0   5.1299e-03   5.9999e-04   6.1399e-03            0            0
            0            0            0            0            0   9.9999e-06            0   1.7300e-03   4.0000e-05            0
   9.9999e-06            0            0            0            0            0            0   9.9999e-06            0   3.9760e-02
            0            0   2.0000e-04            0   8.8799e-03   1.3050e-02   3.5900e-02            0   2.6360e-02            0
            0            0            0            0   6.1399e-03            0   9.9999e-06            0   4.4520e-02            0
            0            0            0   2.1530e-02            0   9.1199e-03   9.9999e-01            0            0            0
            0   5.2899e-03            0            0            0   2.1300e-03   9.9999e-01            0   1.7810e-02   3.1500e-03
            0            0   9.9999e-06            0   8.2999e-04            0   9.9999e-01            0   9.4199e-03   3.9800e-03
   3.7890e-02   2.1120e-02            0            0            0            0   9.4217e-01            0   4.3221e-01   1.3040e-02
   4.2900e-03            0            0            0   9.9999e-06            0   9.7748e-01            0   3.1770e-02            0
            0   6.2599e-03   1.7400e-03            0            0            0            0            0            0            0
            0   2.3700e-03   9.9999e-06            0   9.9999e-06   9.9999e-06            0   9.8999e-03   9.4099e-03            0
   9.9999e-03   9.9999e-06            0            0   1.6640e-02            0            0            0   7.2999e-04            0
            0            0            0   3.2500e-03            0            0   9.9999e-06            0            0            0
            0            0   9.3999e-04   9.9999e-06            0   9.9999e-06   8.3499e-03            0            0   1.7910e-02
            0   2.2300e-03   2.4750e-02            0   8.9199e-03   6.7999e-04   4.4780e-02   9.9999e-01   3.6884e-01   9.9999e-01
            0            0   4.3200e-03   1.9070e-02            0            0   5.4099e-03            0   1.0000e+00   9.9999e-01
            0            0   6.1799e-03            0            0            0            0   1.7100e-03   9.9999e-01   1.0000e+00
   4.5200e-03            0   1.3980e-02   9.9999e-06   1.2780e-02            0   3.0200e-03   1.0000e+00   2.8570e-02   9.9999e-01
            0            0            0            0            0   4.6200e-03   7.9599e-03            0   6.2999e-04   4.0600e-03
   9.8599e-03   1.3800e-03   3.9000e-04            0            0            0            0   9.9999e-06   9.9999e-06            0
            0            0            0            0            0   4.9800e-03            0            0            0   2.3810e-02
            0            0   2.9030e-02            0            0   1.6600e-03            0            0            0            0
   1.0390e-02            0   7.7099e-03            0   4.5000e-04            0            0            0            0            0
            0   1.9200e-03            0            0            0            0   9.9999e-06   1.7300e-02            0            0
            0            0            0   9.9999e-06            0            0   1.3540e-02            0   2.4540e-02            0
            0            0   9.9999e-06            0            0            0            0            0   3.0900e-03   6.8099e-03
            0            0            0   5.0899e-03   2.3500e-03            0   9.4499e-03            0   1.2040e-02   8.0999e-04
            0            0            0            0            0            0   2.5960e-02            0   1.1350e-02   8.9999e-03
            0            0            0   9.9999e-06   6.2999e-04            0   5.1399e-03            0   6.7599e-03            0
            0   6.1999e-03   2.1610e-02            0            0            0            0   9.9999e-06   7.6999e-04            0
   2.5000e-03   9.9999e-06            0            0   3.2970e-02            0            0            0   2.0900e-03   1.0150e-02
            0            0   1.2000e-04   9.9999e-06            0            0            0            0            0   1.3220e-02
            0   9.9999e-06   1.9550e-02            0            0            0            0            0            0   1.3200e-02
            0            0            0   9.3099e-03            0   7.0499e-03            0            0   1.7880e-02   2.8500e-03
   2.1370e-02            0   2.9800e-03   9.9999e-01   8.1817e-01   9.5899e-03   1.7400e-03            0   2.4580e-02   7.9999e-04
   9.9999e-01   9.9999e-01   9.9999e-01            0   5.9232e-01   4.2700e-03   6.8099e-03   1.1510e-02            0   1.6060e-02
   9.9999e-01   9.9999e-01   9.9999e-01   9.9999e-01   9.9999e-01   9.9999e-01   3.0400e-02   2.5040e-02   1.9397e-01   4.4940e-02
   9.2263e-01   9.9999e-01   9.9999e-01   2.8500e-03   9.9999e-01   7.8499e-03   2.1200e-03            0            0   5.2399e-03
   1.9700e-03   9.9999e-01   1.0000e+00   9.9999e-01   7.5349e-02   1.8290e-02   1.8780e-02            0   1.8054e-01   2.0900e-03
            0            0   9.9999e-06            0            0            0            0            0   1.1640e-02            0
            0            0   5.6199e-03            0            0   9.9999e-06   1.7150e-02            0   9.9999e-04            0
            0   5.4999e-04            0   1.9400e-03            0            0            0            0            0            0
   1.1630e-02   4.6000e-03   1.1250e-02            0   9.9999e-06            0   2.1460e-02            0   1.9350e-02   2.8490e-02
            0   1.8550e-02   6.4799e-03            0   4.9000e-04            0            0   7.2999e-04            0            0
   1.6380e-02            0            0   3.0400e-02            0   5.3799e-03   9.9999e-01            0   3.9870e-02   1.8200e-02
   4.7600e-03            0   1.3050e-02   9.2299e-03   3.4570e-02            0   3.1348e-01            0            0   7.0399e-03
            0   8.7399e-03   3.4800e-03            0            0            0   1.6070e-02            0            0            0
   8.5999e-04   1.8160e-02            0            0            0   9.9999e-06   9.9999e-01            0            0            0
            0            0   2.0520e-02            0   1.1730e-02   8.1659e-02   5.7354e-01            0   5.2099e-03   2.3380e-02
            0   1.6310e-02   9.9999e-06   9.9999e-06   1.8390e-02   9.9999e-05   1.5030e-02            0   1.3920e-02            0
            0   3.4100e-03            0   3.3200e-03            0            0            0            0   6.3499e-03            0
   9.2399e-03            0            0            0            0            0   4.6000e-04            0   9.6599e-03   4.5000e-04
            0            0            0            0   3.7300e-03            0            0            0            0   1.1300e-03
   1.4390e-02            0   2.7000e-04   2.1000e-03            0            0   9.9999e-06            0            0            0
            0            0            0   9.9999e-06   2.6130e-02            0            0   3.8970e-02   2.7000e-04   1.0000e+00
            0   9.2019e-02            0   4.5000e-03   8.1409e-02   1.5520e-02   1.1010e-02   9.9999e-01   9.9999e-01   9.5924e-01
            0            0   2.9820e-02   5.3629e-02   4.3600e-03            0   1.5160e-02            0   1.0000e+00   9.9999e-01
   2.4770e-02            0   4.7000e-03   8.4799e-03   9.9999e-06            0            0   9.9999e-01   9.9999e-01   4.3620e-02
   1.9600e-03   1.1030e-02            0   9.4099e-03   7.5499e-03   2.8150e-02   7.1999e-04   3.2900e-03   9.9925e-01   1.4700e-03
   1.2230e-02            0            0            0            0   2.0130e-02            0            0            0            0
            0   2.4780e-02            0            0            0   1.1940e-02   2.3000e-04            0            0            0
            0            0            0            0   4.9550e-02            0   4.7400e-03   9.9999e-06            0   5.1259e-02
            0   4.3500e-03            0   9.9999e-06   3.2170e-02   6.2629e-02            0            0            0   1.8790e-02
            0            0            0            0            0            0   9.9999e-06            0   9.9899e-03            0
            0            0   9.4999e-04            0   2.9690e-02            0   3.5300e-03   3.8400e-03            0            0
            0            0            0            0            0   1.3080e-02            0            0   9.9999e-06   2.2600e-03
   1.2000e-03   3.5100e-03   6.6269e-02            0            0            0   9.2299e-03   1.0790e-02   7.6599e-03   5.7799e-02
   1.7420e-02   3.6900e-02            0            0            0            0            0            0            0   2.2560e-02
            0   1.2520e-02            0   1.4500e-03            0            0   1.4330e-02            0            0   1.2930e-02
   9.9999e-06   1.7200e-03            0            0            0            0            0            0            0   2.2000e-03
