  -9.0982866475433388e-01  -1.1216008261657318e+00  -9.1153021218490549e-01  -1.0242879168239656e+00  -9.3632625189300300e-01  -8.8351197486261279e-01  -9.2177029202937411e-01  -2.0825275394696221e+00  -1.0889304686442325e+00  -1.6204989627113557e+00
  -9.5221628511619238e-01  -1.1325089031021542e+00  -2.6543963485663498e+00  -1.4392352574866265e+00  -2.8390725312377243e+00  -1.8962399928158697e+00  -1.0382904289813712e+00  -2.4439357958652366e+00  -2.5990461680062471e+00  -9.0922103199171023e-01
  -1.0519943164379058e+00  -1.0313397127236479e+00  -1.0752034567580167e+00  -1.4355219245196740e+00  -2.1465469278451308e+00  -9.6959352124258014e-01  -1.2761251706491199e+00  -9.2682906097682893e-01  -9.4918111915483216e-01  -1.7394224670202854e+00
  -1.2321998913486165e+00  -1.0835609363686427e+00  -1.2482457901360724e+00  -1.1921176249211585e+00  -1.0524654910312923e+00  -8.6728047162409438e-01  -9.1461743459578759e-01  -2.3560253236215267e+00  -1.8174724408277068e+00  -2.0522723469777717e+00
  -9.8062456833407974e-01  -1.2127921914093229e+00  -1.6217754506999924e+00  -1.3823358675862565e+00  -1.1276197734490827e+00  -1.2401355604110489e+00  -9.7036173817969451e-01  -9.2650991913289527e-01  -1.1253751189487802e+00  -1.0556089966774425e+00
  -9.0782613639923926e-01  -2.2647422662482479e+00  -8.8725446757858306e-01  -1.3512907295381760e+00  -9.8883128734595971e-01  -2.0287967725359728e+00  -1.0095327869003086e+00  -9.6358408927854755e-01  -1.2954804258793711e+00  -1.2627440225876481e+00
  -2.2507536542690803e+00  -1.1670968516663935e+00  -1.0874635510135935e+00  -1.0744209515013750e+00  -1.2956617194302562e+00  -8.7317297219510059e-01  -1.3632134674748353e+00  -1.9571085655744938e+00  -9.1451351773515543e-01  -1.0239334391227890e+00
  -1.0557752612544933e+00  -9.9627960144381156e-01  -1.5832174662309859e+00  -1.0033689187727861e+00  -1.1296867575194340e+00  -1.1590045939433544e+00  -1.7288117917624051e+00  -9.2284192973427404e-01  -9.1334370536220078e-01  -1.7842206972793420e+00
  -9.2379309025123124e-01  -9.3954094800827015e-01  -1.2204790118641577e+00  -1.2855501677772494e+00  -9.8789052776711495e-01  -1.6438736656648383e+00  -1.0558210278701643e+00  -1.0069579954281029e+00  -2.9273698997323909e+00  -1.4638432770540530e+00
  -2.3990934906748467e+00  -9.7811989106496067e-01  -3.9915659199002795e+00  -9.4942588937968253e-01  -1.5427620309288765e+00  -1.3137102246701360e+00  -1.6798233734676442e+00  -1.2569415131601722e+00  -8.8138133696895371e-01  -1.1908084014185585e+00
  -9.3517531892465933e-01  -9.5472914422420596e-01  -1.7657136775705802e+00  -1.2101294515017611e+00  -1.0806728375252022e+00  -8.5434940162680706e-01  -9.4160241121036525e-01  -9.6074370851043311e-01  -9.2989832440338072e-01  -1.8066750076007412e+00
  -4.2070693424925576e+00  -1.2839583808612431e+00  -8.6384080828815701e-01  -2.2044239966771007e+00  -9.5883205025926510e-01  -1.0530431581439061e+00  -1.5607378596950872e+00  -1.4347120631641330e+00  -1.1109745973494656e+00  -1.4887326810873032e+00
  -9.9114028631597850e-01  -9.0175720108533874e-01  -1.1475184722521816e+00  -9.6044346499616562e-01  -1.2410380285396121e+00  -1.0799815342792887e+00  -9.6321212382821852e-01  -1.6999143120656577e+00  -9.1647510483483019e-01  -1.5584300726932163e+00
  -1.8055590850004646e+00  -1.0011252497006533e+00  -1.2152419596745219e+00  -1.0897696263776178e+00  -1.2311810278029656e+00  -2.3381167394671927e+00  -1.9341444278026991e+00  -1.0951736295600141e+00  -1.0010638334213540e+00  -9.3406640823465326e-01
  -2.9434958712267623e+00  -9.4419905959174932e-01  -1.1599136335749201e+00  -1.5304740204771350e+00  -9.9787060284953277e-01  -3.9461502823316761e+00  -9.6035170548939108e-01  -9.7688273657863256e-01  -1.1508269055030906e+00  -2.5632740868815316e+00
  -1.1360963403606776e+00  -2.3618076980254501e+00  -9.9339970812256773e-01  -2.2366739260615303e+00  -9.4017562157398626e-01  -9.3755893567539328e-01  -1.2613687099950495e+00  -1.5895237236862476e+00  -1.0503174234918333e+00  -9.7369216809636339e-01
  -1.8565577540932852e+00  -2.4804478510022587e+00  -1.3805254343137598e+00  -9.9273352925978819e-01  -2.4380974559467021e+00  -2.2574552256351690e+00  -1.2030295490020479e+00  -1.3953385883001124e+00  -2.5197732690105936e+00  -1.0263082014966145e+00
  -1.0398008309084175e+00  -1.1162741119800332e+00  -8.8644257259975212e-01  -1.0064840132817086e+00  -1.2189916010736754e+00  -1.0133753909055434e+00  -1.9744284953965834e+00  -1.5140542762546434e+00  -9.5155570044079918e-01  -1.7037932183775779e+00
  -1.2670212610657030e+00  -1.0556238985152671e+00  -1.1042819691025436e+00  -1.9188712437156352e+00  -1.8954555177659271e+00  -1.2533862966759590e+00  -9.3195838587977720e-01  -1.4569708612906327e+00  -9.7028775709431314e-01  -1.2833725190895302e+00
  -2.7060480744903268e+00  -3.2915009083736639e+00  -1.5429101677277945e+00  -1.4521038616523116e+00  -9.4228704945701713e-01  -1.1197832923339581e+00  -1.0712032528664563e+00  -2.4928403616868402e+00  -2.3425811025036052e+00  -9.1004772323187666e-01
  -1.8680683986163431e+00  -1.1807043147115233e+00  -2.6251519949929412e+00  -2.5084026904665522e+00  -1.0386087279198357e+00  -2.9942477410965052e+00  -1.2620154237895616e+00  -1.0945148192460168e+00  -9.3966029919382077e-01  -1.2421436203586593e+00
  -1.5976051797833930e+00  -2.8510377309055643e+00  -1.4377069895331895e+00  -1.0589951025946152e+00  -1.5836848145561624e+00  -2.3101187101598786e+00  -1.0283366094195066e+00  -9.4139347294690168e-01  -1.6485472608484040e+00  -1.9044519227446779e+00
  -1.0734530951201775e+00  -1.2767157193882981e+00  -1.1956407729468164e+00  -1.4945743844619210e+00  -1.0199261939930879e+00  -9.0451352376023542e-01  -1.0662772165422407e+00  -1.1779796718247966e+00  -1.0129079446656821e+00  -1.0339734873372364e+00
  -1.2809792204736097e+00  -1.0210059152003497e+00  -1.0761491090948694e+00  -9.9518230542368336e-01  -1.0145551585028032e+00  -1.0208236538944389e+00  -1.2760630880562547e+00  -1.8021779618721754e+00  -1.1305869121910928e+00  -1.0050355659930239e+00
  -9.0144562220159019e-01  -1.0150041325795751e+00  -1.4119225688177475e+00  -2.0832373831014523e+00  -9.7996681160596455e-01  -8.9142430648356474e-01  -1.6784434635022794e+00  -1.0522447894980105e+00  -1.3343015375357925e+00  -1.0272770396921880e+00
  -9.4641573952299440e-01  -9.0353275109282771e-01  -8.9808037983031885e-01  -9.4161810929078049e-01  -1.0435059990317563e+00  -1.6103591722062223e+00  -1.6981135952983240e+00  -9.7279224155532562e-01  -1.5145801948299227e+00  -1.0420427123333453e+00
  -9.1089249975807052e-01  -1.3078707548438648e+00  -1.6140475633936056e+00  -9.6936099244221241e-01  -1.1944583037553853e+00  -9.8867958718903037e-01  -9.2636691629918821e-01  -1.9057402064889291e+00  -1.4387712006605542e+00  -1.5420785849513987e+00
  -1.4741755344063150e+00  -8.8643196101375010e-01  -2.8726918958227139e+00  -1.7698548804915550e+00  -2.1630441119610979e+00  -1.9551951956083302e+00  -1.0854781358734655e+00  -9.6230599390377503e-01  -9.8904672659283355e-01  -1.1036701874589376e+00
  -1.0164474117626747e+00  -1.9330819730114135e+00  -1.0115924418617488e+00  -9.8839161357497929e-01  -4.3828757336569204e+00  -9.4023978073979431e-01  -1.3022209528462845e+00  -3.1072110884801973e+00  -2.6567468385943118e+00  -2.4925881499757399e+00
  -1.6784203153700576e+00  -1.1600524123687026e+00  -2.0447480800012006e+00  -1.1127907120399985e+00  -9.3214168002062558e-01  -3.0007796269371592e+00  -1.0577351263150294e+00  -2.2682139015055189e+00  -1.8174091864662740e+00  -1.3036215934917637e+00
  -2.7251346630217461e+00  -8.8420484424693380e-01  -1.2621716145813244e+00  -1.6482144444979365e+00  -3.2956093621842530e+00  -1.1470663695716603e+00  -1.0145671751928957e+00  -9.2128656392263075e-01  -1.4305026192878327e+00  -1.3095157048823267e+00
  -1.7123608565460253e+00  -3.0842430572533384e+00  -1.4788134322173119e+00  -9.9670009612543708e-01  -1.0975348467871582e+00  -9.3644776604925684e-01  -1.0400231629727548e+00  -1.0000058999698704e+00  -1.2972039933764268e+00  -1.2642908283692338e+00
  -1.1280681040054326e+00  -8.8976099870271208e-01  -1.1220208784645000e+00  -1.8463780198014186e+00  -1.2062545949419261e+00  -9.3266835389030200e-01  -1.8620490152524680e+00  -9.2220584301008868e-01  -1.9453263808888979e+00  -1.7996481041346506e+00
  -9.1303107588592791e-01  -1.1581177358973169e+00  -1.8992838114888688e+00  -1.1900737716643539e+00  -1.0838711747417240e+00  -1.7255623978605490e+00  -1.9469629987967840e+00  -2.3281845255007001e+00  -8.8732315166287945e-01  -1.0057290272698891e+00
  -9.4791190161234740e-01  -1.9893679598934699e+00  -9.9020664449588203e-01  -1.2678383953940866e+00  -1.0553479810900515e+00  -1.3174014882081257e+00  -1.1207429992885325e+00  -1.2126419941966426e+00  -3.2313643531862586e+00  -1.2398691454570305e+00
  -1.2792743282993544e+00  -2.8035321162518425e+00  -1.0895327910500470e+00  -7.9576725516739781e+00  -1.2770591854564122e+00  -2.1496053504085415e+00  -1.0655422102705816e+00  -1.5542092676505272e+00  -9.5979055411287484e-01  -9.6398719594793103e-01
  -1.2446527018538427e+00  -2.1089806339491250e+00  -1.1004482956982233e+00  -9.9880791487594778e-01  -1.0809335092785766e+00  -1.0180813648510045e+00  -9.2946936550894166e-01  -1.1659978458655105e+00  -2.7147520880172631e+00  -1.1733907740927949e+00
  -1.0682140402814042e+00  -1.0479773203965215e+00  -1.7089299828436060e+00  -1.0000274272762257e+00  -9.9924032285574749e-01  -9.1178165789120658e-01  -1.4506491782677842e+00  -1.3304073279502151e+00  -5.1113050925945691e+00  -8.9798378845074589e-01
  -1.5061949226635098e+00  -8.8394947594158957e-01  -8.8738236878354226e-01  -1.0498923971904930e+00  -1.5197629552240761e+00  -1.0251237443776124e+00  -1.0618543693624651e+00  -1.4817640828087628e+00  -1.0781445397575102e+00  -1.0938062947156946e+00
  -1.3519307939534833e+00  -9.8660886585752616e-01  -1.3084750938958101e+00  -1.6224794571144350e+00  -2.4214529851301574e+00  -2.6872952803938670e+00  -2.2176137604601047e+00  -2.2043090957436746e+00  -9.2954364857160232e-01  -9.3676111696002795e-01
  -1.1467031595166506e+00  -2.1491751194932851e+00  -9.8208005347221039e-01  -4.1762159918265418e+00  -1.0178159500737907e+00  -1.3008600988405823e+00  -1.1150355226841602e+00  -1.0163562171587066e+00  -1.3041719024718779e+00  -1.6140325229949366e+00
  -1.0176191925605735e+00  -9.6987739840265808e-01  -9.6125229315602145e-01  -1.1198601263893813e+00  -1.3857981683535106e+00  -8.5679619877142721e-01  -1.3061264347698704e+00  -9.5884181795536616e-01  -2.2235103310085540e+00  -1.6028066478784715e+00
  -1.9339420219362875e+00  -1.0730787943755551e+00  -1.7299262812841212e+00  -1.4188918617102311e+00  -2.1962046344084651e+00  -1.0918365315555540e+00  -9.3205005046599554e-01  -9.1606704877371692e-01  -2.3256750139075608e+00  -1.1528371462375968e+00
  -9.4207098974759551e-01  -8.9537253979926856e-01  -8.6793555808536549e-01  -9.7358491804341596e-01  -1.9867725506265088e+00  -9.1096953163661454e-01  -1.5995101827249489e+00  -1.1417609024251172e+00  -9.4838409886670072e-01  -9.0991687263891319e-01
  -9.9682585137415725e-01  -1.5543653902317232e+00  -1.1535538520331821e+00  -1.0190493040723132e+00  -1.4957455975171274e+00  -9.8889173479869219e-01  -1.8354416722888005e+00  -1.2136980692959833e+00  -1.2318706747455848e+00  -9.4927235148542988e-01
  -1.1743329660769322e+00  -9.8331178746144310e-01  -1.6012331251771457e+00  -1.7486992781166695e+00  -1.3111520938852852e+00  -2.0788554066985676e+00  -1.4776710559415391e+00  -1.2217848192539207e+00  -1.2883077462119892e+00  -1.4036846534520377e+00
  -9.1252078336037112e-01  -1.0174965137748377e+00  -8.5485627025398836e-01  -1.2539580007167401e+00  -1.1915791683102006e+00  -3.6609137621591281e+00  -1.4847954522250104e+00  -1.0959133623201911e+00  -9.0115059923311058e-01  -1.0725217334757384e+00
  -9.6362778117740511e-01  -9.3917825016923573e-01  -1.6879832550586793e+00  -1.9940890369632509e+00  -2.7404569602944737e+00  -1.3600959041901757e+00  -3.9471594460106094e+00  -9.9088048163605058e-01  -2.0783039534642609e+00  -9.8479423034680491e-01
  -1.4932137027021464e+00  -9.4712677018216940e-01  -1.6293278600066732e+00  -2.1298615279768343e+00  -1.1319908696564442e+00  -1.0092699082690757e+00  -2.1372208751265478e+00  -1.0373225111234321e+00  -2.1151448679887355e+00  -9.0475368801968159e-01
  -1.6405173579172716e+00  -1.6690874612102267e+00  -2.0420544592967933e+00  -9.3548402004098885e-01  -1.7091398741682604e+00  -1.1339128611612141e+00  -1.1391735395486799e+00  -1.4298962100987893e+00  -1.0315023418935128e+00  -1.1206286150939366e+00
  -9.8582077262712575e-01  -1.0227814530307500e+00  -9.6454996047170771e-01  -1.6320127569006719e+00  -1.0626902129226501e+00  -1.2198302779941115e+00  -1.0226019788723031e+00  -9.5071612706432440e-01  -8.9435143712263021e-01  -9.4810931329455783e-01
  -9.9889353388414148e-01  -1.0677239801881606e+00  -8.6963715328998403e-01  -2.5804379794380088e+00  -2.4189933871537255e+00  -1.8637932310950132e+00  -9.4054470994612460e-01  -2.0975145572485951e+00  -2.6468721125696208e+00  -1.7871429135653805e+00
  -1.7442942875296341e+00  -1.0960098408887460e+00  -9.1382159043977784e-01  -2.3431486159993362e+00  -1.4004677163837800e+00  -1.0432460743891256e+00  -9.3587516806479298e-01  -1.2197547886826621e+00  -2.7019415227011740e+00  -9.5063760729931157e-01
  -9.5255766858317237e-01  -9.9417893639940191e-01  -1.5317600480124829e+00  -9.9436615667897732e-01  -1.6145648914907158e+00  -1.2862668732830882e+00  -1.1703758161243794e+00  -9.2207327518359516e-01  -9.1860343140803524e-01  -1.0547969591550614e+00
  -1.2949567822965211e+00  -1.2868218017460327e+00  -9.1211205137144502e-01  -1.0205953992288523e+00  -4.7181358488880836e+00  -1.2721176681065141e+00  -5.3930730535748284e+00  -9.4223561795305655e-01  -1.1915376063466752e+00  -1.7024804741863349e+00
  -2.1296151706515771e+00  -9.2282581850909196e-01  -1.6171936439876349e+00  -9.4413607837330804e-01  -1.1884678324580435e+00  -8.6596880637851603e-01  -3.3927451598664038e+00  -2.9145529612997088e+00  -1.9211092063534940e+00  -1.0602058820610663e+00
  -9.1083524238418012e-01  -1.5280109617664155e+00  -9.1892942866837390e-01  -2.7207038969121191e+00  -1.8909532628774963e+00  -1.2564846582445823e+00  -1.1353069604163843e+00  -9.1101340516092777e-01  -1.0015947506379346e+00  -9.0882396723695513e-01
  -2.3424545657058227e+00  -9.0573614161579752e-01  -9.8523856963671741e-01  -1.4923319059599218e+00  -9.9010540679249637e-01  -1.1330201844255408e+00  -9.1431889532568511e-01  -1.2287440355953223e+00  -1.2642024376082943e+00  -2.5672220596707360e+00
  -2.3902562595621455e+00  -1.2022774007846941e+00  -3.6348188122948786e+00  -1.0060005751616983e+00  -9.4274127073273895e-01  -9.5503556280794966e-01  -9.4473616481520639e-01  -1.0227747309417323e+00  -1.2593764482193057e+00  -9.0061547555620747e-01
  -2.6762680993728356e+00  -1.7066153340433394e+00  -8.5175913683186588e-01  -9.7536120242080937e-01  -1.3284229385515554e+00  -2.3613380159102118e+00  -1.2633165791908711e+00  -1.1436921945844338e+00  -1.1526098476997095e+00  -9.3848616333115786e-01
  -5.9938302247269091e+00  -2.7891419179902748e+00  -1.6446735983479093e+00  -1.1833839855156072e+00  -1.4261024910451403e+00  -9.1683718831202599e-01  -1.1495521419415839e+00  -1.0108839209788456e+00  -1.5669628528047812e+00  -1.3824513336511226e+00
  -1.0343536697515439e+00  -1.0426017495955267e+00  -2.0699595065886554e+00  -1.1707288354977183e+00  -1.0944187419210885e+00  -8.9096917059117386e-01  -9.6647687755776068e-01  -9.2989145186232236e-01  -9.1169938254639338e-01  -1.3308546231462688e+00
  -1.0532288085420416e+00  -1.0236195615774473e+00  -8.5759382235472603e-01  -1.0372371415420192e+00  -9.3629342962030004e-01  -1.0729817091963842e+00  -1.3056664436030885e+00  -9.3045188067562890e-01  -9.6146758243627151e-01  -9.3919399309805573e-01
  -1.0403868975621127e+00  -1.2725524514320126e+00  -1.4200505761365616e+00  -1.0744376372375495e+00  -1.0283894520998349e+00  -9.3949485271959499e-01  -2.2660748682171872e+00  -1.2233098535742137e+00  -2.0677216057099415e+00  -9.3823113981436346e-01
  -9.8182843035579903e-01  -1.0768943116451841e+00  -2.6857752533825692e+00  -3.1784440568522867e+00  -1.8420584994458034e+00  -1.0449314142618331e+00  -1.3102299578650523e+00  -3.4650034578960121e+00  -1.2690499517396641e+00  -1.4712820013081256e+00
  -1.6176131242955478e+00  -2.1962245724257712e+00  -8.8777912019700334e-01  -1.2347520296150412e+00  -9.3640642226426885e-01  -1.0906872024194800e+00  -1.4026821210150431e+00  -1.0068247103793804e+00  -1.1070207621957626e+00  -1.7288289999650110e+00
  -9.3591988727851216e-01  -1.7755148921593156e+00  -1.4264395864052664e+00  -1.1853752734109744e+00  -1.2466749688550740e+00  -1.5455702330933125e+00  -1.1097206278738643e+00  -1.1258322181379647e+00  -1.7833593792795905e+00  -3.4963099260712012e+00
  -1.1581549956946742e+00  -1.0185184944431729e+00  -1.4662508585261183e+00  -1.8699498737248199e+00  -9.8533436240427430e-01  -2.5912089131025708e+00  -9.6219436356574028e-01  -9.2459817862828619e-01  -1.1715530733124364e+00  -9.0462753265093110e-01
  -1.1568381922379403e+00  -1.0358032200186449e+00  -2.5285375128268832e+00  -1.0398743278080753e+00  -9.5135383981207244e-01  -1.1705971122187064e+00  -1.4941774233098750e+00  -2.1934311800338691e+00  -1.0081982908935641e+00  -9.4307918761372400e-01
  -1.6256093765501765e+00  -2.3589506957678057e+00  -8.6823983172965191e-01  -1.0364447308873521e+00  -1.7479519293122801e+00  -1.0645429137752311e+00  -1.2366071229796600e+00  -1.1209729536061412e+00  -9.2011047056787454e-01  -9.3449878443761492e-01
  -1.9459655258171085e+00  -2.8176259143241222e+00  -3.2665572878486246e+00  -1.2202076539310005e+00  -1.6280691037405322e+00  -1.9676051296151624e+00  -3.4517960658211888e+00  -1.0553532153179550e+00  -1.0594896877193716e+00  -1.5200689163379519e+00
  -1.0097549761115987e+00  -8.9373065783414907e-01  -3.0592931031489750e+00  -1.2455351102220138e+00  -9.3872370875990574e-01  -1.0665554128098145e+00  -1.2187199555239228e+00  -1.4934173538596720e+00  -1.8528798668644124e+00  -1.5610329408712842e+00
  -9.3275470955802353e-01  -8.9853238779966105e-01  -9.1476643284850279e-01  -1.0144566531387746e+00  -1.1066317850025131e+00  -2.0504133196441936e+00  -1.3715268701411534e+00  -9.9588598159182407e-01  -1.3509465629530990e+00  -9.2245204836249739e-01
  -9.9725227720322429e-01  -8.9505589531994800e-01  -1.2604591779821346e+00  -9.8443610611012533e-01  -9.4463695006291892e-01  -2.0721245651725528e+00  -1.6167742888427903e+00  -1.8964362412385409e+00  -1.7476532235663491e+00  -1.1665326729788739e+00
  -9.8134805483787801e-01  -1.2327120679411283e+00  -1.8601953154420341e+00  -1.0663352336091907e+00  -1.0010238520649937e+00  -1.1979308103800261e+00  -1.1900157059527516e+00  -1.0923977381001035e+00  -3.3083033910293933e+00  -1.0826881600688150e+00
  -1.2298675719733021e+00  -9.9069029829851851e-01  -9.3787352540204094e-01  -1.1842310980301585e+00  -1.8164653840864098e+00  -9.5742315468132488e-01  -1.6405722109086782e+00  -2.4385309643489963e+00  -1.0362506638056055e+00  -9.8592543104833430e-01
  -1.2366167717374907e+00  -1.4973108592209543e+00  -9.6405749857622636e-01  -1.2167926251736032e+00  -1.6407849848083249e+00  -3.0406753591521589e+00  -1.0715366968402098e+00  -1.0634047706511096e+00  -8.8145810932545521e-01  -1.2520354154317390e+00
  -8.9672320425434449e-01  -9.3644640867577156e-01  -1.3542553383676816e+00  -1.0808716917633849e+00  -9.3205075629485246e-01  -9.1631075258514372e-01  -1.0461253103121302e+00  -1.0072350782647204e+00  -1.3466431091117552e+00  -3.2317478074970190e+00
  -8.9986146500291186e-01  -1.0125845420554223e+00  -5.4615675018680250e+00  -9.7833171184418355e-01  -1.1561399093260809e+00  -3.4401342511233817e+00  -2.9211330012848733e+00  -3.2286864595230624e+00  -2.6722255180827990e+00  -1.5027946518861497e+00
  -1.5509159904670344e+00  -1.3207441944842679e+00  -8.5552688385602116e-01  -1.4615250002931170e+00  -1.1731814847288526e+00  -9.1874013733508697e-01  -1.1875793312907759e+00  -1.4946713881808915e+00  -9.2485670926429886e-01  -9.5328276996313943e-01
  -1.1115358899821370e+00  -8.8596704035274931e-01  -1.2484427089978420e+00  -1.1052239831802695e+00  -9.3407977394861808e-01  -1.0607503741648205e+00  -3.3571750285442215e+00  -9.7551666408756921e-01  -9.8030155248399753e-01  -9.5198276809534821e-01
  -1.2557521654797785e+00  -9.3069253192282853e-01  -1.0840380481051879e+00  -1.9217108341510585e+00  -2.6815423509886944e+00  -1.0738910745082988e+00  -9.8833566530997197e-01  -1.0818561142406211e+00  -8.8351652891526800e-01  -2.8018398938341669e+00
  -1.0556370485519777e+00  -2.2198206970576240e+00  -1.5147493647171548e+00  -9.7291948582095589e-01  -1.9367925044878491e+00  -8.8730483184766817e-01  -1.4229219701606486e+00  -1.6266908569998146e+00  -8.8285463587079060e-01  -9.2178856651655805e-01
  -1.4178231957947651e+00  -4.0315455117095800e+00  -8.8660834281695100e-01  -1.0246339975270067e+00  -1.1814405496641893e+00  -1.1100150948975775e+00  -9.6294250067519016e-01  -1.3577159333244995e+00  -1.1114633749740186e+00  -1.7015154270067421e+00
  -1.0683211946793152e+00  -3.1163999233998294e+00  -1.5813249225776003e+00  -1.0401638809970353e+00  -1.7811627994903301e+00  -8.6832706947391525e-01  -1.9892234540224503e+00  -1.6092065677860579e+00  -1.0058777112797901e+00  -1.6840517568886384e+00
  -2.1115340471149566e+00  -8.9563946259733396e-01  -9.5067099475502814e-01  -1.0174547799172369e+00  -3.5876260604036991e+00  -1.8283835482743622e+00  -1.0735030447083640e+00  -1.9817559405068450e+00  -8.8808618297966480e-01  -1.1506499336514360e+00
  -1.0789361780593152e+00  -8.9648884697363329e-01  -3.1321755485028353e+00  -1.0754659661747146e+00  -9.8999257832530752e-01  -2.4134117100837940e+00  -1.2968417739137601e+00  -9.5413978452637516e-01  -1.5843060698213247e+00  -1.5667584524399871e+00
  -1.2475143296794751e+00  -1.1940944365794204e+00  -1.0944952810841213e+00  -1.0009167449008922e+00  -1.2824546983010638e+00  -8.9951083600387294e-01  -1.8006904163473585e+00  -1.0875126476943739e+00  -1.5707283409498078e+00  -1.3379218769189669e+00
  -9.1551785618970538e-01  -1.1509858653937368e+00  -9.3353338477022252e-01  -2.1740163613097163e+00  -1.1446086243024129e+00  -9.0336377071581186e-01  -1.1029704181736681e+00  -1.4230021290709762e+00  -1.3692964596275037e+00  -3.3541446860545987e+00
  -3.4311753976918977e+00  -1.9968551022898842e+00  -2.0088715044921290e+00  -1.2672577190311887e+00  -9.6166861133112946e-01  -1.0804806148271258e+00  -2.6005769412156901e+00  -1.0648148124182797e+00  -1.1738335802199003e+00  -9.1701370794663761e-01
  -2.4114068853705559e+00  -2.5993562065843396e+00  -1.1895501093127825e+00  -1.3905943197817081e+00  -1.0462799094804140e+00  -1.9607356105249547e+00  -1.2322568937339833e+00  -1.3590723868946473e+00  -1.3004488207745160e+00  -9.7763283898112274e-01
  -1.9902447954928990e+00  -1.2686598643868829e+00  -8.9382445633382723e-01  -1.5059524264429465e+00  -1.2121620001891116e+00  -1.0233206564811370e+00  -1.0498858199180992e+00  -1.2532444733596506e+00  -9.4483613068042227e-01  -9.8352831332641111e-01
  -1.3916961258710963e+00  -9.1304280745272259e-01  -1.2725813085942741e+00  -1.0236799337144722e+00  -1.7249537372240826e+00  -9.3298669366009446e-01  -3.6436597431637874e+00  -9.9436139678046687e-01  -9.3599364404866769e-01  -1.0784436810247926e+00
  -9.8288304440655272e-01  -1.1025916372872231e+00  -1.4829183257989349e+00  -1.2214408425619310e+00  -1.0123451195223350e+00  -1.0027220200407441e+00  -1.6553216355847549e+00  -1.0962781434977769e+00  -2.0882474752756126e+00  -2.4687663524542995e+00
  -1.0793624107193831e+00  -9.4148424090063876e-01  -1.2132500425189863e+00  -1.5288197405205108e+00  -1.0542913213712806e+00  -1.5752437549052722e+00  -1.1197728597754022e+00  -1.4564438231149999e+00  -2.0534521019806391e+00  -1.0014524949228201e+00
  -9.4588934146696746e-01  -1.0778648193372029e+00  -1.2532482858527361e+00  -1.4402754157912543e+00  -1.0454967356529956e+00  -9.0522159065102825e-01  -9.5956469900720387e-01  -9.1219628019061672e-01  -1.0657783496503759e+00  -1.0677351858538502e+00
  -9.4137033967903716e-01  -1.4210609285231302e+00  -1.0886893678727958e+00  -1.6531286945385768e+00  -1.0897973757023693e+00  -3.1623802964105212e+00  -2.5588467186111705e+00  -2.4404068980188574e+00  -1.0406275717282363e+00  -2.5021056031315556e+00
  -1.5958212320341065e+00  -2.7925347052807208e+00  -1.3845107802944396e+00  -1.1170973943373783e+00  -1.2146295163384302e+00  -1.1157686673047742e+00  -1.5319666683315332e+00  -2.1058719686995384e+00  -9.2805335960301516e-01  -9.2576530111907973e-01
  -1.1755612837111273e+00  -2.8460920516845891e+00  -1.2358209915835603e+00  -1.0616504560035305e+00  -1.7250565269884661e+00  -9.8024249395632168e-01  -1.5670814574418062e+00  -9.2143813220097393e-01  -9.3870063371396084e-01  -1.3282507635377838e+00
  -9.4630896093790873e-01  -1.5217523506087620e+00  -9.5933768870874059e-01  -2.9931413144814449e+00  -1.2874339983084659e+00  -2.9159926968543828e+00  -1.4888049661552365e+00  -1.2621489894238560e+00  -1.5359243767203807e+00  -4.4786542614264508e+00
