-2.58297 -0.230259 -4.74122 -13.6423 34.9226 -150 -860.343 -1.78112 -128.735 -1369.08
-3.2929 20.937 -2.7476e-10 -5.86377 34.9997 -150.105 -542.274 -18.7336 -15.1901 -1269.09
-2.63439 3.05363 -0.117257 -6.08322 35.1369 -150.114 -435.192 -15.8096 -21.2873 -1176.07
-2.39368 7.40814 -0.000927492 -3.90816 36.4716 -150.124 -291.504 -11.9976 -21.6543 -1093.84
-2.9093 8.81162 -0.000195012 -1.62588 31.6394 -150.134 -204.268 -7.50677 -25.2873 -1041.68
-2.28288 11.1759 -1.40983e-05 -2.93125 28.4031 -150.141 -236.901 -12.4574 -25.2285 -918.759
-1.79944 4.71736 -0.018443 -1.11534 29.0285 -150.145 -256.461 -10.4867 -29.4257 -835.763
-1.97029 6.05204 -0.00418518 0.0581222 24.847 -150.149 -257.539 -13.7548 -26.1187 -842.781
-1.96567 6.71503 -0.00200343 2.74117 22.2379 -150.149 -284.288 -14.3467 -28.0257 -749.645
-2.09988 3.38314 -0.0812761 4.02613 18.2248 -150.153 -297.719 -19.2775 -25.3797 -723.613
-2.23729 12.7287 -2.51103e-06 4.24325 18.4943 -150.157 -305.21 -13.2538 -31.563 -666.84
-1.50077 0.918564 -1.27344 3.75451 17.6563 -150.164 -295.319 -14.6317 -30.3273 -624.001
-1.67068 5.06815 -0.0124891 4.27056 24.4434 -150.17 -327.307 -18.2935 -28.5997 -585.899
-2.09417 15.6674 -9.58948e-08 6.52154 9.82964 -150.186 -336.915 -16.0282 -31.6254 -550.658
-1.31197 5.09284 -0.012151 6.28367 19.8304 -150.195 -367.942 -16.1454 -31.9194 -499.716
-1.76079 18.8586 -2.76624e-09 7.40001 6.04652 -150.21 -354.032 -31.9934 -22.0517 -494.248
-1.36361 1.27122 -0.856648 8.65334 3.02189 -150.224 -365.286 -21.1232 -27.9384 -461.415
-1.09381 3.7586 -0.0535362 7.62651 9.97621 -150.24 -361.432 -17.3798 -31.9052 -457.627
-1.08888 10.5429 -2.8485e-05 7.8701 5.09556 -150.242 -386.735 -20.304 -29.3528 -412.754
-1.30442 9.54012 -8.68007e-05 9.84748 2.59043 -150.259 -401.052 -16.7687 -35.386 -393.918
-1.27574 23.8861 -1.03717e-11 9.09368 7.02156 -150.299 -400.169 -26.4648 -23.9817 -381.927
-0.990626 1.74438 -9.47525 8.79887 3.27959 -150.335 -401.921 -26.6868 -25.3367 -293.264
-0.862715 0.228297 -19.289 4.29579 9.36455 -150.386 -424.366 -20.3795 -30.536 -216.192
-0.656694 0.185919 -24.5267 -0.506348 16.1676 -150.414 -437.747 -22.398 -29.051 -118.032
-0.860202 0.281937 -19.5026 4.01289 8.8392 -217.909 -347.424 -20.6029 -32.3487 -164.875
-0.751048 -0.340391 -21.8791 3.55984 9.20906 -254.427 -331.195 -19.8196 -32.9399 -74.1827
-0.680535 -0.225623 -20.1362 5.19638 5.55812 -261.354 -328.424 -27.1891 -25.2036 -74.525
-0.842268 0.237635 -24.8478 6.55036 6.64624 -272.6 -321.932 -22.4712 -28.2573 -86.777
-0.77816 1.0701 -34.5859 4.87592 10.7952 -269.561 -349.262 -27.0133 -24.3708 -28.4583
-2.38769 8.36294 -0.000321048 0.800998 27.1255 -237.426 -228.465 -10.4143 -31.7035 -809.368
-0.519034 -0.351127 -19.7935 7.28487 6.78559 -281.106 -356.789 -33.7842 -17.9851 16.8945
-1.89052 1.68159 -9.37075 4.14275 22.1189 -260.154 -244.445 -16.4321 -28.0303 -670.256
-2.10231 0.679648 -14.774 2.86479 16.211 -229.079 -278.93 -15.4026 -29.7521 -648.438
-1.74249 0.98379 -12.0589 3.6791 18.2576 -251.518 -260.521 -12.1113 -37.3552 -551.048
-0.823709 0.139838 -21.6028 -0.0990389 13.0611 -265.199 -328.338 -20.0601 -32.4777 -224.707
-1.47361 0.00572108 -11.0567 5.44841 20.4343 -246.788 -300.203 -10.2202 -44.6839 -460.202
-1.15891 0.429954 -20.1361 2.51092 8.80197 -280.525 -275.413 -18.4601 -33.7675 -420.367
-0.266812 -0.580623 -29.9829 8.88981 -5.48981 -277.813 -344.444 -24.2673 -27.5809 196.818
-0.895498 0.128924 -26.8153 2.98343 6.2844 -275.488 -340.937 -31.7846 -23.8753 -24.3786
-0.645637 -0.463477 -23.3872 4.23115 0.678761 -246.529 -360.19 -26.3357 -26.0383 -7.16396
-0.717063 -0.327239 -19.851 8.82493 3.91711 -295.222 -337.616 -24.3734 -29.0546 8.42373
-0.118606 -0.815594 -26.8466 9.03546 -4.34169 -268.626 -379.66 -34.9589 -17.2573 368.017
-1.00888 0.246231 -24.902 7.37826 3.80265 -253.198 -340.6 -25.4502 -26.9075 -95.9518
-0.805406 -0.234253 -26.6864 5.72308 1.34816 -260.182 -332.858 -28.459 -25.0229 -114.433
0.0476113 -0.441059 -31.2127 7.83998 -5.01383 -272.311 -351.914 -26.7015 -26.787 392.972
0.10405 -0.876994 -29.2937 1.95158 3.09015 -297.675 -355.648 -34.5384 -20.3731 288.853
-0.194158 0.28911 -33.6412 5.58826 7.95205 -274.467 -357.928 -26.8571 -26.9952 58.7743
-0.0932372 -0.330532 -32.2786 6.9707 -4.98407 -276.491 -359.957 -25.0968 -30.0477 329.075
0.36564 -0.501362 -30.6641 7.30581 -6.59635 -294.943 -348.253 -40.5635 -16.5534 418.604
-0.0998672 -0.467362 -36.6695 7.66491 -4.21988 -288.789 -370.522 -26.5575 -27.2626 322.956
0.448564 -0.231468 -28.901 11.2197 -16.5816 -271.503 -355.602 -29.1146 -24.1195 406.305
-0.243566 -0.447938 -29.2244 10.9216 -2.76127 -249.112 -392.068 -27.9743 -24.5776 335.422
0.0458949 -0.892797 -29.1899 14.3535 -18.0098 -281.853 -358.437 -30.772 -21.9146 469.95
-0.210644 -0.345718 -34.1814 3.96007 -10.5775 -259.546 -364.887 -32.1892 -20.6646 390.807
0.353993 -0.753777 -27.1556 10.2317 -3.61829 -290.528 -348.394 -34.0023 -20.4719 470.51
-0.175869 -1.11155 -28.1238 8.9061 -2.95395 -283.691 -360.099 -32.0066 -22.9559 346.289
0.3097 -0.430355 -33.2594 11.9494 0.080798 -293.927 -382.631 -35.049 -17.1812 481.057
0.413246 -0.172392 -33.9203 12.8244 -16.4484 -265.484 -357.585 -35.0276 -17.5822 500.549
0.281429 0.215581 -35.6502 8.95749 -4.48854 -290.871 -368.225 -33.9769 -18.4045 390.935
0.281344 -0.216172 -26.8096 9.6092 -3.81912 -286.51 -350.477 -38.0932 -13.6412 482.666
-0.202287 -0.656147 -29.3808 11.2748 -6.9476 -277.212 -383.326 -29.5194 -21.8036 422.825
0.100269 -0.0634567 -35.1186 12.6664 -9.30708 -284.729 -396.909 -36.5078 -14.5196 476.544
0.215985 -0.90493 -26.4821 12.0907 -25.5957 -282.318 -360.498 -31.853 -19.3936 445.841
0.322831 0.161139 -35.0582 11.7772 -9.29639 -272.445 -365.66 -43.6828 -10.1206 452.983
0.578695 -0.407139 -29.5556 9.57367 -11.6207 -283.231 -360.938 -25.5403 -26.7075 405.019
0.0462982 -0.287252 -34.8418 13.1694 -10.5274 -279.394 -363.902 -40.3006 -9.91595 494.624
0.0181982 -0.401026 -35.5581 6.26105 0.93412 -273.27 -384.972 -26.3062 -26.993 389.51
0.0699318 0.0131798 -33.496 9.79202 -21.9344 -267.57 -368.367 -27.621 -24.5742 403.255
0.28542 -0.247018 -33.13 8.40552 -6.12263 -273.195 -376.265 -29.1119 -22.7417 360.941
-0.163032 -0.551104 -30.231 10.7546 -4.02264 -283.081 -351.371 -28.2168 -23.5216 463.975
0.0963816 -0.232006 -33.2868 7.39041 -3.8135 -295.351 -365.495 -37.5103 -16.1404 409.447
0.0193115 0.0949841 -36.9425 13.4441 -6.39959 -275.639 -385.275 -36.6906 -12.8967 451.255
-0.0941116 -0.768616 -34.5959 11.4353 -7.59753 -267.519 -386.378 -31.4569 -19.8723 446.881
0.224128 -0.738326 -28.7841 10.9616 -16.0062 -273.905 -356.683 -26.6754 -26.5975 407.483
0.206563 -0.244361 -28.798 12.4103 -2.91082 -295.774 -348.479 -37.4781 -15.9519 499.235
0.324842 0.31856 -31.0796 8.53531 -14.992 -286.795 -359.749 -31.1158 -21.1543 397.402
0.00538259 -0.126959 -27.4421 14.0215 -7.94598 -298.897 -388.506 -32.3953 -17.0755 473.209
0.0701632 -0.385438 -31.7398 14.7899 -11.7237 -288.13 -380.607 -30.2779 -20.4142 449.325
0.164023 -0.196 -26.9492 13.4854 -7.59905 -288.936 -379.902 -34.3006 -14.911 534.339
-0.0128795 -0.0208179 -33.1478 15.7468 -13.6095 -278.895 -374.2 -35.3022 -14.5349 547.345
0.317687 -0.547333 -26.6695 10.0605 -13.6912 -287.854 -364.345 -25.9263 -27.5285 399.655
-0.00949443 -0.849044 -30.8781 13.1254 0.539418 -273.063 -386.642 -33.341 -18.4955 432.729
-0.159188 -0.249271 -33.1065 15.2877 -12.1462 -294.47 -362.731 -35.0441 -15.2692 509.19
0.108115 -0.866797 -26.6251 16.1412 -6.14548 -280.796 -363.309 -32.1414 -19.5112 499.989
0.432919 0.296577 -33.7158 6.98247 -3.8171 -278.969 -348.779 -26.4391 -27.3824 415.384
-0.0415347 -0.828911 -28.207 11.1893 2.60425 -268.28 -388.317 -32.3304 -19.1342 439.586
-0.0937064 -0.368481 -31.9043 12.6745 -14.1782 -290.564 -354.812 -27.9187 -24.7179 411.644
0.310399 -0.382427 -29.7615 8.12567 -7.68351 -307.486 -354.461 -32.9643 -19.6602 479.991
0.11517 0.242258 -35.9435 12.1014 -13.7229 -277.746 -365.209 -28.3072 -24.0464 435.144
0.0877913 -0.643918 -31.1455 12.0556 -1.89445 -265.072 -391.739 -37.0366 -15.9753 414.489
0.282102 -0.251104 -35.2589 9.39194 -11.6265 -284.191 -350.802 -34.7496 -16.5161 498.514
0.00656625 0.232866 -33.0845 11.5706 -18.96 -282.33 -359.229 -27.401 -24.5889 480.947
0.111438 -0.568544 -30.0836 15.469 -4.92845 -280.16 -390.575 -35.8274 -13.9919 470.695
-0.302658 -1.02413 -30.7476 9.62308 -15.3491 -288.844 -350.977 -31.404 -19.7039 489.05
0.313619 -0.316059 -26.1513 13.9382 -17.556 -274.1 -377.61 -29.671 -21.8114 476.559
0.292874 -0.421696 -25.5205 11.2782 -15.4282 -274.978 -385.532 -35.1604 -15.6824 458.986
-0.0827778 -0.490401 -36.3726 12.7239 -9.29817 -277.636 -380.213 -32.2699 -19.6173 417.345
0.233988 -0.0677487 -35.0704 15.3025 0.0970435 -266.486 -391.398 -33.6786 -18.3832 480.019
0.206743 0.173292 -40.5595 13.5333 -8.30127 -275.631 -388.831 -36.0823 -13.6552 388.477
0.109867 -0.322003 -24.0306 11.7486 -18.2267 -296.467 -358.599 -32.8407 -17.665 495.606
0.554995 -0.542191 -32.1108 13.2836 -18.4622 -284.882 -353.928 -35.3291 -15.1919 462.894
-0.12915 -0.510414 -28.7394 12.5771 -16.9581 -291.075 -361.987 -37.0822 -16.0218 443.848
-0.242828 -0.438347 -31.2379 16.4354 -1.69259 -301.93 -377.999 -32.4201 -17.6767 446.215
-0.150711 -0.452381 -29.189 6.58476 -13.7081 -274.093 -371.254 -27.089 -26.5444 396.268
0.415134 0.206871 -35.5549 12.3776 -9.24844 -270.34 -382.981 -32.8779 -19.1507 463.14
0.00730637 -0.764804 -28.6062 6.97294 -9.02524 -295.279 -379.455 -32.7078 -19.2882 465.305
0.170998 -0.46902 -27.16 14.4535 -12.2885 -305.744 -356.615 -29.6583 -20.8401 472.893
-0.0719196 -0.532804 -30.3882 12.575 -12.8905 -300.908 -370.951 -32.6554 -19.3675 410.415
0.394086 -0.154865 -31.8198 12.1205 0.744354 -304.591 -405.151 -33.0914 -17.5139 477.124
0.152948 -0.201335 -35.8435 14.7327 -1.06929 -280.099 -380.379 -28.751 -23.6166 470.543
0.149137 -0.577419 -30.0095 12.3164 -6.71499 -274.137 -367.96 -43.8128 -9.48124 422.031
0.240369 -0.910497 -29.0775 10.4732 -8.81108 -295.748 -356.801 -43.2242 -10.3854 498.608
-0.0514724 -0.579109 -26.4843 11.853 0.510522 -308.541 -376.177 -34.7376 -16.887 464.38
-0.0180694 -0.330386 -32.28 12.8653 -14.0132 -264.197 -386.262 -30.405 -20.1701 498.193
0.00279625 -0.403261 -31.5688 12.2443 -8.3717 -291.151 -374.656 -35.212 -14.9664 490.143
0.673192 -0.873131 -27.9598 3.77087 -6.07472 -279.409 -388.71 -37.5203 -14.6924 436.097
0.134113 -0.649266 -29.4336 13.8193 -5.61768 -275.377 -374.188 -29.6012 -22.8139 449.753
-0.0219096 -0.820492 -26.824 7.69165 -13.2615 -291.975 -355.606 -32.6061 -18.1393 352.574
0.170074 -0.758105 -25.6147 11.7452 -14.6981 -277.452 -355.72 -36.1876 -13.8022 476.108
0.25613 -0.673719 -30.8789 15.5467 -10.138 -294.814 -370.12 -30.7085 -18.9631 524.835
0.435609 -1.04853 -29.4607 9.55695 -8.86694 -302.804 -366.852 -25.1362 -27.817 494.484
-0.0307832 -1.12088 -28.0961 12.0078 -13.7121 -274.011 -345.626 -34.7926 -16.3576 473.777
0.297564 -0.909461 -29.084 14.3841 -3.03767 -292.653 -355.948 -40.1201 -12.0595 478.59
-0.0181542 -0.639245 -31.188 17.411 -26.0372 -294.704 -350.811 -33.0453 -16.801 492.714
0.0245748 -0.66974 -34.1869 11.8166 -8.88117 -297.151 -352.521 -33.6857 -17.4521 464.214
0.471313 0.260358 -33.3555 12.2716 -14.6162 -286.068 -359.525 -36.6878 -16.7971 500.257
0.0110436 -0.254525 -28.7175 13.4202 -3.42033 -294.627 -356.055 -30.5177 -21.6502 470.871
-0.0587063 -0.19203 -35.9541 12.5655 -14.4166 -267.978 -378.076 -37.4885 -13.0544 500.406
0.0307796 0.0523998 -36.4437 15.0817 -11.6659 -267.69 -364.209 -27.1838 -24.5544 487.664
0.166201 -0.86976 -27.9778 9.93116 -9.3281 -294.705 -363.293 -35.0982 -17.1196 449.995
0.0989088 -0.310324 -26.1876 11.553 -15.9833 -284.488 -341.317 -34.5986 -17.4957 466.937
0.38874 -1.09694 -28.1705 4.77909 -10.6366 -275.939 -362.732 -37.7519 -14.0086 483.39
-0.158933 -0.91935 -27.728 11.7888 -7.20546 -297.892 -354.723 -27.6649 -24.123 433.014
0.339087 -0.470444 -29.0465 12.3909 -11.7019 -289.493 -371.017 -32.8773 -18.5358 461.448
0.301772 0.25045 -33.2576 7.88763 -15.3895 -263.725 -372.943 -35.925 -14.681 516.1
-0.131619 -0.742251 -28.7573 15.3036 -3.24952 -283.903 -371.358 -35.1968 -17.0051 419.912
-0.229124 -0.631361 -31.2601 11.5982 -9.3291 -296.344 -354.555 -39.1272 -13.3072 473.276
0.493658 -0.21849 -29.0055 12.1711 -6.44441 -283.13 -371.4 -33.8291 -17.6473 475.916
0.314493 -0.181907 -31.5614 15.4947 -11.2476 -268.768 -355.653 -34.311 -15.5775 482.063
0.0949493 -1.04006 -27.2681 14.8539 -14.8849 -301.767 -352.797 -32.0901 -18.6242 513.474
0.403782 -0.57987 -26.48 12.5055 0.574902 -273.69 -394.464 -32.936 -19.1434 502.255
0.437411 -0.309751 -34.5855 3.67121 -12.1307 -274.626 -348.598 -35.068 -18.3135 464.604
-0.41802 -0.60836 -29.7562 10.1429 -12.962 -293.591 -349.259 -32.3615 -21.0391 447.046
0.476153 -0.368287 -25.8304 12.6955 -4.50518 -283.596 -364.909 -32.6642 -20.8555 441.137
-0.0973189 -0.945583 -26.3519 13.2769 -15.188 -272.574 -355.412 -26.6846 -26.3689 456.686
0.632113 -0.366519 -29.896 8.38946 -3.65058 -274.61 -364.676 -32.9889 -19.2779 477.028
0.255301 0.125585 -29.4198 12.1284 -15.3674 -272.161 -371.178 -28.8321 -22.507 448.177
0.908711 -0.260439 -28.6709 4.16159 -3.95233 -288.014 -369.006 -29.009 -23.0472 427.345
-0.102905 -0.788557 -29.9295 7.77684 -6.84414 -269.951 -361.565 -34.4764 -17.8815 480.036
0.436409 -0.453512 -31.0974 13.6667 -11.0417 -288.132 -367.595 -33.0328 -18.5952 507.749
0.049907 -0.413694 -33.4376 14.7686 -12.6219 -283.186 -356.812 -31.5076 -20.3093 512.582
-0.0551056 -0.298953 -30.4841 14.6656 -13.3314 -304.004 -360.946 -35.9598 -15.2013 495.718
0.553813 -0.0702337 -37.4356 14.689 -5.53258 -256.956 -373.438 -39.0133 -13.435 527.951
0.168232 0.50237 -38.8949 10.1727 -15.01 -282.337 -357.737 -30.7298 -22.2738 456.731
-0.146093 -0.736468 -28.7969 14.9073 -12.4134 -274.285 -372.498 -28.6277 -24.0483 432.009
0.105447 0.563365 -33.3239 12.394 -0.8776 -280.95 -375.79 -35.4375 -17.8597 456.14
0.0354149 -0.727923 -27.2974 15.6009 0.95716 -283.028 -377.833 -23.3063 -31.6887 479.232
0.276826 -0.510753 -30.5809 16.0379 -12.139 -285.973 -363.826 -34.4725 -17.2385 504.813
-0.0453325 -0.661255 -30.9895 8.89721 -17.7637 -267.334 -375.094 -29.7745 -21.4795 450.349
0.156456 -0.584263 -29.9528 16.21 -8.14555 -288.153 -373.125 -27.6031 -24.6031 490.224
-0.0151871 -0.744889 -27.2036 13.4342 -9.66852 -269.144 -389.739 -40.2266 -12.4406 503.566
-0.0020102 -0.287289 -32.7148 15.2029 -5.14625 -272.64 -354.706 -31.1462 -20.8752 465.986
0.0759292 0.105803 -34.4655 13.592 -13.0422 -281.894 -386.368 -33.1563 -17.4094 483.047
0.378393 -0.623104 -29.6382 13.5266 -1.3485 -289.364 -368.12 -31.9534 -19.0512 446.779
0.109686 -0.714815 -28.9482 13.181 -12.6197 -288.874 -344.791 -33.5601 -18.4568 476.942
0.143584 -1.13291 -25.1189 8.38915 -11.8133 -283.206 -374.48 -40.0032 -11.9375 455.778
0.269119 -0.223844 -26.7571 15.1484 -11.0888 -263.798 -382.746 -33.7499 -17.3877 489.802
0.157888 -0.710331 -28.9801 9.89227 -8.51285 -273.017 -356.231 -35.0445 -16.3601 468.442
0.422274 -0.896058 -27.8413 15.1586 -4.53658 -275.341 -375.47 -35.5868 -15.8803 493.22
0.498223 -0.643849 -27.8048 11.2847 -18.2458 -272 -383.379 -34.4878 -15.6863 470.68
0.254976 -0.415618 -33.4169 13.2827 -9.99368 -275.092 -370.66 -32.7715 -18.9746 480.403
0.190902 -0.267075 -35.0738 11.8274 -16.3008 -262.513 -373.996 -29.988 -20.8741 475.859
0.105695 -0.234212 -35.456 14.945 -27.74 -277.075 -366.096 -33.7674 -17.8222 457.764
0.168772 -0.565841 -31.8792 12.8501 -15.5262 -273.327 -365.151 -35.1238 -14.7258 500.053
-0.0119859 -0.662328 -29.3337 13.6777 -3.19565 -287.72 -362.144 -34.7943 -16.5936 484.797
0.276863 -0.941122 -28.8928 13.8047 -17.5814 -301.764 -366.703 -27.4913 -25.4286 469.97
0.256673 0.0850717 -36.8259 12.036 -9.23028 -296.858 -367.618 -36.7072 -15.9267 448.295
0.309168 -0.53622 -26.7362 15.6498 -0.443648 -276.751 -379.571 -27.8294 -24.3337 464.546
-0.312578 -0.404933 -37.49 6.0619 -15.0891 -282.096 -367.751 -32.0647 -19.2652 517.208
0.477389 -0.302565 -32.5596 11.4687 -27.2852 -273.897 -343.506 -29.3591 -21.8904 457.527
0.133728 -0.331111 -32.2728 10.8632 -9.84891 -281.115 -364.667 -29.3379 -23.6123 449.935
0.0545905 -0.870621 -32.063 12.0898 -13.1001 -273.896 -380.302 -33.0165 -18.4684 398.713
0.519371 -0.875319 -34.7318 9.14725 -7.57388 -281.442 -381.19 -35.097 -15.9664 460.946
-0.0253508 -0.0858846 -30.1199 11.467 -12.1225 -297.478 -361.978 -28.0926 -24.4896 421.026
0.251118 -0.537719 -37.5829 14.3925 -9.70754 -282.917 -377.592 -34.5416 -16.9301 466.023
0.0403874 1.11882 -50.1432 17.3069 -19.6905 -283.073 -356.746 -35.9926 -14.4927 537.245
0.460927 0.222664 -35.7279 13.9465 -2.0137 -274.059 -391.839 -35.8228 -15.3433 494.324
0.397746 -0.532416 -28.5754 9.19307 -8.09187 -295.798 -366.603 -41.085 -11.3156 467.41
0.215631 -0.693029 -27.4996 5.39434 -12.6808 -291.245 -374.088 -37.1383 -14.723 441.594
0.408839 -0.688 -29.1419 10.5565 -14.584 -294.594 -372.598 -35.8989 -14.3315 507.239
0.435406 -0.131214 -32.0486 11.6794 -11.0995 -295.054 -348.919 -25.9084 -27.3455 504.688
0.165549 -0.709937 -25.8173 14.1058 -10.0075 -276.899 -375.526 -29.1494 -23.3293 499.992
-0.269994 -0.607374 -29.7641 12.6114 -7.77845 -285.922 -373.777 -33.8027 -16.6839 437.703
0.312747 -0.189175 -29.2447 14.004 -5.23276 -298.727 -358.626 -32.9312 -18.604 480.587
0.0718166 -0.50978 -32.4349 17.7805 -9.9651 -284.537 -351.912 -37.1596 -11.7312 530.229
-0.0693451 -0.220676 -26.7788 12.8487 -11.0446 -260.109 -367.932 -31.0523 -20.9028 491.114
0.348385 -0.551863 -26.6426 8.87297 -8.49921 -283.861 -364.261 -32.8832 -16.9121 421.706
0.0534566 -0.0303183 -33.0513 12.1792 -9.52158 -263.073 -383.134 -39.648 -13.2569 463.755
-0.116266 -0.651469 -31.0772 16.9181 -15.7674 -276.858 -373.442 -34.1087 -15.9431 450.363
0.17955 -0.502115 -28.8022 15.2204 -17.0872 -270.974 -375.255 -41.3966 -11.1702 455.811
0.0199977 -0.0430125 -30.497 14.1115 -4.4583 -283.386 -373.14 -23.9478 -31.0984 471.328
0.0199977 -0.0430125 -30.497 14.1115 -4.4583 -283.386 -373.14 -23.9478 -31.0984 471.328
