   0.6138
   0.6507
   0.6361
   0.6519
   3.4715
   3.5984
   3.6258
   2.0491
   3.5411
   0.6752
   0.6454
   0.6479
   0.6625
   0.6798
   0.6810
   0.6384
   0.6747
   0.6124
   0.6569
   0.6527
   0.6534
   0.6300
   0.6278
   0.6363
   4.6680
   4.6405
   2.9027
   2.0295
   4.7189
   0.6481
   0.6353
   0.6304
   0.6440
   0.6418
   4.3832
   3.4343
   4.8920
   3.7301
   4.6606
   0.6227
   0.6628
   0.6812
   0.6325
   0.6569
   5.2951
   6.3110
   6.7527
   8.3146
   8.1540
   0.6293
   0.6538
   0.7040
   0.6459
   0.6130
   0.6572
   0.6033
   0.6110
   0.6996
   0.6675
   0.6365
   0.6367
   0.6697
   0.6465
   0.6402
   0.6772
   0.6586
   0.6275
   0.6132
   0.6794
   0.6772
   0.6582
   0.6444
   0.6242
   0.6716
   5.2752
   3.5996
   3.8977
   3.6925
   2.7139
   0.6337
   0.6129
   0.6669
   0.6632
   0.6758
   1.2913
   1.3839
   1.3205
   1.6140
   1.2768
   0.6063
   0.6347
   0.6473
   0.6316
   0.6685
   2.3421
   2.1212
   1.9953
   2.0112
   0.6354
   0.6222
   0.6556
   0.6146
   0.6466
   0.6348
   0.6477
   0.6410
   0.6623
   0.6908
   0.6320
   0.6286
   0.6576
   0.6401
   0.6699
   0.6743
   1.9509
   3.1557
   5.5453
   3.3436
   2.9605
   0.6619
   0.6144
   0.6276
   0.6780
   0.6485
   1.3439
   0.9290
   0.6233
   1.3627
   1.1500
   0.7055
   0.6207
   0.6708
   0.6274
   0.6807
   1.3539
   2.8946
   2.1307
   2.0828
   1.3586
   0.6674
   0.6394
   0.6763
   0.6738
   0.6538
   0.6820
   0.6287
   0.7448
   0.7221
   0.6890
   0.6210
