   0.2069
   0.2233
   0.1913
   0.2226
   0.9784
   0.9877
   0.9848
   0.8372
   0.9851
   0.2197
   0.2105
   0.2212
   0.2279
   0.2437
   0.2362
   0.2195
   0.2229
   0.2121
   0.2048
   0.2089
   0.2196
   0.2034
   0.2017
   0.1997
   0.9986
   1.0000
   0.9514
   0.8317
   0.9994
   0.2231
   0.2074
   0.2088
   0.2141
   0.2205
   0.9913
   0.9751
   0.9997
   0.9824
   0.9981
   0.1987
   0.2303
   0.2250
   0.2150
   0.2193
   1.0000
   1.0000
   0.9995
   1.0000
   1.0000
   0.2002
   0.2297
   0.2449
   0.2111
   0.2023
   0.2319
   0.1898
   0.2044
   0.2306
   0.2249
   0.1974
   0.2242
   0.2204
   0.2106
   0.2200
   0.2344
   0.2129
   0.2053
   0.1950
   0.2415
   0.2383
   0.2221
   0.2048
   0.2057
   0.2302
   1.0000
   0.9944
   0.9981
   0.9903
   0.9440
   0.2167
   0.1892
   0.2205
   0.2210
   0.2277
   0.5226
   0.5785
   0.5732
   0.6433
   0.5368
   0.1944
   0.2059
   0.2153
   0.2005
   0.2178
   0.8770
   0.8118
   0.8117
   0.7979
   0.2064
   0.1933
   0.2112
   0.1912
   0.2024
   0.1981
   0.2191
   0.2139
   0.2198
   0.2436
   0.2019
   0.1991
   0.2195
   0.2083
   0.2367
   0.2284
   0.8039
   0.9789
   0.9992
   0.9856
   0.9729
   0.2303
   0.1913
   0.1944
   0.2264
   0.2169
   0.5491
   0.3546
   0.2079
   0.5918
   0.4605
   0.2659
   0.1918
   0.2344
   0.1978
   0.2311
   0.5330
   0.9536
   0.8398
   0.7931
   0.5985
   0.2309
   0.2016
   0.2283
   0.2316
   0.2302
   0.2294
   0.2056
   0.2690
   0.2651
   0.2381
   0.2011
