   0.0000000000000000e+00   0.0000000000000000e+00   0.0000000000000000e+00   0.0000000000000000e+00   4.3628414785581873e-04   3.3766069049627516e-04   0.0000000000000000e+00   0.0000000000000000e+00   0.0000000000000000e+00   0.0000000000000000e+00
   5.4941304590656942e-03   1.0725588145355811e-03   0.0000000000000000e+00   0.0000000000000000e+00   3.7833476298208758e-03   0.0000000000000000e+00   2.3891443641332875e-03   0.0000000000000000e+00   1.3226549925305841e-03   7.2644809033218204e-04
   0.0000000000000000e+00   9.1718948252561907e-04   0.0000000000000000e+00   0.0000000000000000e+00   0.0000000000000000e+00   0.0000000000000000e+00   0.0000000000000000e+00   0.0000000000000000e+00   0.0000000000000000e+00   0.0000000000000000e+00
   0.0000000000000000e+00   8.3536209148753508e-04   0.0000000000000000e+00   0.0000000000000000e+00   0.0000000000000000e+00   0.0000000000000000e+00   1.9032261336200649e-03   0.0000000000000000e+00   0.0000000000000000e+00   1.7388258790817543e-03
   0.0000000000000000e+00   0.0000000000000000e+00   0.0000000000000000e+00   1.1839016516235429e-03   0.0000000000000000e+00   1.0544377595804949e-02   3.0014917024308231e-02   1.4195908150871980e-02   3.6570866499354683e-02   4.6245504108120630e-03
   3.4944508696876310e-03   1.7602021080878451e-03   2.3180131240970580e-03   1.9639104457661312e-03   7.8676564214022276e-04   9.0718711685418545e-03   2.5753612278403237e-02   1.2570803646180491e-02   2.8622037103785858e-02   6.4568221083282961e-03
   6.4404409139228909e-03   1.6213768147244946e-03   0.0000000000000000e+00   3.4757740348230494e-03   4.1479935705990019e-04   9.5539482023734249e-03   2.0131526674284056e-02   1.2094693561635627e-02   2.7953955806699852e-02   8.7410618754429675e-04
   5.6305662336572865e-04   2.6443152412550914e-03   2.3579484021636751e-03   6.0269204209213224e-04   2.2663836189455123e-03   1.0103779988913519e-02   1.9206727977875086e-02   0.0000000000000000e+00   6.4415924852863305e-03   9.5848961794845790e-04
   0.0000000000000000e+00   0.0000000000000000e+00   4.5050708808333359e-03   0.0000000000000000e+00   2.0341320732905638e-03   1.5005799539889814e-02   2.1958042850199033e-02   1.2764362050985243e-02   2.9822248739411882e-02   1.6810240193518089e-03
   0.0000000000000000e+00   0.0000000000000000e+00   0.0000000000000000e+00   1.1933775358941023e-03   0.0000000000000000e+00   0.0000000000000000e+00   0.0000000000000000e+00   0.0000000000000000e+00   0.0000000000000000e+00   0.0000000000000000e+00
   0.0000000000000000e+00   0.0000000000000000e+00   0.0000000000000000e+00   4.5703585861550905e-04   1.0618192127273159e-03   0.0000000000000000e+00   1.6470383174312004e-03   9.1680862357049631e-04   0.0000000000000000e+00   2.0296255118984622e-03
   2.3045036274966920e-03   0.0000000000000000e+00   1.0036930921948971e-03   0.0000000000000000e+00   0.0000000000000000e+00   0.0000000000000000e+00   0.0000000000000000e+00   0.0000000000000000e+00   0.0000000000000000e+00   1.0149296302996316e-03
   0.0000000000000000e+00   0.0000000000000000e+00   0.0000000000000000e+00   0.0000000000000000e+00   0.0000000000000000e+00   4.4142826256562029e-04   0.0000000000000000e+00   0.0000000000000000e+00   0.0000000000000000e+00   0.0000000000000000e+00
   0.0000000000000000e+00   0.0000000000000000e+00   0.0000000000000000e+00   5.9111839973994618e-04   0.0000000000000000e+00   5.3223310856242512e-04   0.0000000000000000e+00   0.0000000000000000e+00   3.7999362456401392e-03   2.4324479816107136e-03
   0.0000000000000000e+00   2.1091836022246900e-04   0.0000000000000000e+00   1.0939404803455960e-03   1.5489069151403156e-03   0.0000000000000000e+00   0.0000000000000000e+00   3.0534937363565693e-04   3.3357795616115646e-03   7.9491974095383295e-04
   0.0000000000000000e+00   0.0000000000000000e+00   0.0000000000000000e+00   0.0000000000000000e+00   0.0000000000000000e+00   0.0000000000000000e+00   0.0000000000000000e+00   0.0000000000000000e+00   0.0000000000000000e+00   0.0000000000000000e+00
   0.0000000000000000e+00   0.0000000000000000e+00   4.0842028187131968e-04   2.7223426074271046e-05   0.0000000000000000e+00   3.0804418614507785e-03   0.0000000000000000e+00   6.3319503855532671e-04   2.7757620597630749e-03   0.0000000000000000e+00
   0.0000000000000000e+00   0.0000000000000000e+00   0.0000000000000000e+00   0.0000000000000000e+00   1.1119045742456579e-03   1.6713479799105007e-04   2.7498704864516565e-03   0.0000000000000000e+00   0.0000000000000000e+00   0.0000000000000000e+00
   2.8968768435348236e-03   0.0000000000000000e+00   2.8224203018616758e-03   0.0000000000000000e+00   0.0000000000000000e+00   0.0000000000000000e+00   0.0000000000000000e+00   0.0000000000000000e+00   5.5420749297366142e-03   0.0000000000000000e+00
   0.0000000000000000e+00   0.0000000000000000e+00   0.0000000000000000e+00   0.0000000000000000e+00   0.0000000000000000e+00   0.0000000000000000e+00   2.0857847181222013e-03   0.0000000000000000e+00   0.0000000000000000e+00   1.0733601819422909e-03
   4.5391781814101817e-04   0.0000000000000000e+00   0.0000000000000000e+00   0.0000000000000000e+00   0.0000000000000000e+00   0.0000000000000000e+00   0.0000000000000000e+00   1.8172600648520991e-04   2.1429166614987498e-03   5.4034260581969191e-04
   0.0000000000000000e+00   0.0000000000000000e+00   0.0000000000000000e+00   0.0000000000000000e+00   0.0000000000000000e+00   0.0000000000000000e+00   0.0000000000000000e+00   0.0000000000000000e+00   0.0000000000000000e+00   0.0000000000000000e+00
   0.0000000000000000e+00   5.6493073138974440e-04   2.2922900782659295e-03   0.0000000000000000e+00   0.0000000000000000e+00   0.0000000000000000e+00   2.5666225407243999e-03   0.0000000000000000e+00   0.0000000000000000e+00   0.0000000000000000e+00
   0.0000000000000000e+00   0.0000000000000000e+00   0.0000000000000000e+00   0.0000000000000000e+00   6.3634194079288978e-04   0.0000000000000000e+00   9.1293727330454041e-04   2.1867183106792464e-04   3.5658492055860433e-03   1.3439665778786541e-05
   1.6556013973716820e-03   1.0249454449286544e-03   0.0000000000000000e+00   9.3091618363847616e-03   1.2068541186128134e-02   1.1741586983374169e-02   2.1544976469467639e-02   1.1149838544514320e-02   6.3817110533475035e-03   5.1254178025849882e-03
   7.0933665250413830e-03   6.3443964025236884e-03   3.1919081891200545e-03   9.1161804650476339e-03   1.2502388943239608e-02   1.2277288050233212e-02   2.1739320697783528e-02   1.0847086563246551e-02   4.7530290860024679e-03   7.6918728750569373e-03
   0.0000000000000000e+00   0.0000000000000000e+00   1.4643318329083739e-03   9.4068806027250724e-03   1.3554610862404133e-03   1.1511371771445246e-02   1.7249666232409134e-03   1.1175861203230129e-02   8.7943846652570185e-03   3.5733374971041796e-03
   0.0000000000000000e+00   0.0000000000000000e+00   1.9850258320681024e-03   8.3795896703136342e-03   0.0000000000000000e+00   0.0000000000000000e+00   2.1285194680344958e-02   0.0000000000000000e+00   4.7620584741065196e-04   0.0000000000000000e+00
   1.0711192756833306e-02   2.5492140441059265e-03   3.6859706764140309e-03   9.6120113247467488e-03   1.3222080282260837e-02   1.2397312750584946e-02   2.0775869778620330e-02   1.0762626719075845e-02   1.0107666696530815e-02   3.1874279154590832e-03
   0.0000000000000000e+00   0.0000000000000000e+00   0.0000000000000000e+00   9.3946405875056937e-05   1.6659976418261779e-03   0.0000000000000000e+00   1.0436104434968316e-03   1.3513979270409360e-03   4.1180772029132478e-04   0.0000000000000000e+00
   8.1123780121045998e-04   0.0000000000000000e+00   0.0000000000000000e+00   3.4166605713241069e-04   0.0000000000000000e+00   0.0000000000000000e+00   0.0000000000000000e+00   0.0000000000000000e+00   0.0000000000000000e+00   0.0000000000000000e+00
   0.0000000000000000e+00   0.0000000000000000e+00   0.0000000000000000e+00   0.0000000000000000e+00   0.0000000000000000e+00   0.0000000000000000e+00   0.0000000000000000e+00   0.0000000000000000e+00   3.2686558491397903e-03   1.3063609482005752e-03
   0.0000000000000000e+00   0.0000000000000000e+00   0.0000000000000000e+00   0.0000000000000000e+00   8.5283761911964927e-04   0.0000000000000000e+00   0.0000000000000000e+00   0.0000000000000000e+00   6.1606690195158678e-03   0.0000000000000000e+00
   0.0000000000000000e+00   0.0000000000000000e+00   1.8826235773971271e-04   5.5450544870218831e-04   0.0000000000000000e+00   2.7484898227902516e-04   0.0000000000000000e+00   0.0000000000000000e+00   0.0000000000000000e+00   1.0970007922151863e-03
   0.0000000000000000e+00   3.9801206302664417e-03   2.4035529492309343e-02   1.0871189382612719e-02   1.4437671988774454e-02   8.4078841459799200e-03   2.4308250550878047e-03   0.0000000000000000e+00   2.3139210596644269e-02   1.5360467951497325e-02
   0.0000000000000000e+00   0.0000000000000000e+00   1.6005021293525809e-02   9.2301669355991656e-03   2.0444605441010056e-02   4.2700598936224474e-03   4.3540663808345915e-03   4.5296822845372299e-03   2.5265889986054609e-02   1.8748688963224540e-03
   1.1752202703047871e-02   9.7267695401305285e-03   1.5054649678428544e-02   9.3700808747321125e-03   1.2917655176604842e-02   6.5606834679536111e-03   1.4162407385909676e-02   1.3202718580261350e-03   2.6577780488143580e-02   1.6327091887626689e-02
   2.9499956934963185e-03   3.9711759372102603e-03   1.3686595802605412e-02   8.2178437462376852e-03   1.0727171583061202e-02   0.0000000000000000e+00   2.3015278057675931e-03   3.4288866187988714e-03   8.7877065884651405e-03   1.5602781019704427e-02
   2.2393025097908721e-03   2.9037352321599822e-02   4.3536475578090428e-02   2.7134579391823829e-02   3.1617870460578831e-02   3.5116958609740720e-02   2.9492989565878423e-03   3.6433338365884664e-03   2.4234820748976964e-02   1.5722264720796762e-02
   0.0000000000000000e+00   2.1922429497108651e-03   0.0000000000000000e+00   0.0000000000000000e+00   5.2985108540437484e-05   0.0000000000000000e+00   0.0000000000000000e+00   0.0000000000000000e+00   0.0000000000000000e+00   0.0000000000000000e+00
   0.0000000000000000e+00   0.0000000000000000e+00   0.0000000000000000e+00   7.3651285554516362e-04   2.7304930122558580e-04   0.0000000000000000e+00   7.7094489282181714e-03   1.0825345015009107e-03   0.0000000000000000e+00   0.0000000000000000e+00
   0.0000000000000000e+00   1.6633732792199475e-04   1.3031834530275723e-03   0.0000000000000000e+00   3.4835205069204231e-03   0.0000000000000000e+00   0.0000000000000000e+00   7.8633485001754905e-04   5.0752798353143913e-05   7.8762304179292024e-04
   1.0593789078205871e-03   0.0000000000000000e+00   2.0057940011831902e-03   8.3357408060332492e-04   0.0000000000000000e+00   0.0000000000000000e+00   0.0000000000000000e+00   1.4834627377309155e-03   1.8471739459636146e-03   1.9926467556937179e-03
   1.6520475996225294e-03   0.0000000000000000e+00   1.2067850576004350e-03   0.0000000000000000e+00   0.0000000000000000e+00   0.0000000000000000e+00   0.0000000000000000e+00   0.0000000000000000e+00   0.0000000000000000e+00   0.0000000000000000e+00
   3.7028473717031246e-02   1.2533296763174611e-02   1.4912639354385854e-02   8.7498034144001466e-03   1.4673581773495106e-02   2.7351444482253541e-03   5.1613625159426240e-04   3.0401851486509136e-03   2.5428378191634935e-02   1.5664999327024424e-02
   1.8698596538199233e-02   1.5244365727790496e-03   2.4713754244007940e-02   1.9770486163807006e-02   2.2231455083537181e-02   2.2496416901362039e-02   1.8158684391165063e-02   1.8494591903656217e-02   3.6118086131517714e-02   2.2953747719518313e-02
   3.0579918716481136e-02   2.2660211140556469e-02   5.3425746964887739e-03   8.8319582528887004e-03   1.3574031050592725e-02   6.1314732095577688e-03   1.9502604354709185e-02   2.5124870610027494e-02   4.5864261644999640e-02   2.8011041574777493e-02
   3.7177920224025406e-02   3.6717616186162698e-02   3.0458056694930954e-02   2.0417978895833928e-02   2.3139047246189197e-02   2.9671475500414775e-02   2.5169258957131384e-02   3.6957004326713459e-03   3.0399062557724319e-02   1.6847697712409748e-02
   7.7304247838473365e-03   2.9233035111247616e-02   3.7375867514681416e-02   2.4735273481396418e-02   2.9458764138637076e-02   3.6556131158151595e-02   2.1621359518763556e-02   1.8725643712028436e-02   3.5907032535640190e-02   2.3232100000079997e-02
   0.0000000000000000e+00   0.0000000000000000e+00   1.2093881471731817e-04   0.0000000000000000e+00   0.0000000000000000e+00   0.0000000000000000e+00   0.0000000000000000e+00   6.3294819165516129e-04   3.0810174492901360e-03   0.0000000000000000e+00
   0.0000000000000000e+00   0.0000000000000000e+00   0.0000000000000000e+00   0.0000000000000000e+00   4.3577455812904205e-04   7.1622684279193101e-04   2.1145101365864622e-03   3.6324282647092176e-04   1.9156063356137194e-03   0.0000000000000000e+00
   0.0000000000000000e+00   0.0000000000000000e+00   2.9661831429608145e-03   1.3733794270986196e-04   6.7591274845275450e-04   2.7014331671554935e-03   0.0000000000000000e+00   0.0000000000000000e+00   2.5248349662678627e-03   0.0000000000000000e+00
   0.0000000000000000e+00   0.0000000000000000e+00   2.8983568180113409e-03   0.0000000000000000e+00   0.0000000000000000e+00   0.0000000000000000e+00   0.0000000000000000e+00   0.0000000000000000e+00   0.0000000000000000e+00   0.0000000000000000e+00
   0.0000000000000000e+00   0.0000000000000000e+00   1.4453302752320740e-03   8.2409105936249853e-04   0.0000000000000000e+00   8.1577604042076823e-04   0.0000000000000000e+00   0.0000000000000000e+00   0.0000000000000000e+00   0.0000000000000000e+00
   0.0000000000000000e+00   0.0000000000000000e+00   0.0000000000000000e+00   0.0000000000000000e+00   1.7279991473167177e-03   0.0000000000000000e+00   1.7072716975650500e-03   0.0000000000000000e+00   0.0000000000000000e+00   0.0000000000000000e+00
   0.0000000000000000e+00   0.0000000000000000e+00   0.0000000000000000e+00   0.0000000000000000e+00   0.0000000000000000e+00   0.0000000000000000e+00   1.1345661122210866e-03   0.0000000000000000e+00   0.0000000000000000e+00   1.0875254504328759e-03
   0.0000000000000000e+00   0.0000000000000000e+00   0.0000000000000000e+00   0.0000000000000000e+00   0.0000000000000000e+00   0.0000000000000000e+00   0.0000000000000000e+00   0.0000000000000000e+00   0.0000000000000000e+00   0.0000000000000000e+00
   0.0000000000000000e+00   0.0000000000000000e+00   0.0000000000000000e+00   7.9410445865456258e-04   0.0000000000000000e+00   1.9250743387810916e-03   0.0000000000000000e+00   3.8926297557650730e-04   7.8949448957307596e-03   2.5114923457415532e-03
   0.0000000000000000e+00   0.0000000000000000e+00   0.0000000000000000e+00   0.0000000000000000e+00   0.0000000000000000e+00   0.0000000000000000e+00   0.0000000000000000e+00   0.0000000000000000e+00   5.7421889878411653e-03   0.0000000000000000e+00
   0.0000000000000000e+00   0.0000000000000000e+00   3.1819956353349070e-03   0.0000000000000000e+00   0.0000000000000000e+00   0.0000000000000000e+00   0.0000000000000000e+00   0.0000000000000000e+00   3.4340671847553627e-04   0.0000000000000000e+00
   1.4412031164696621e-03   0.0000000000000000e+00   0.0000000000000000e+00   0.0000000000000000e+00   4.4807913231384238e-04   4.3087806949944509e-04   3.3849994125184293e-04   0.0000000000000000e+00   3.0676810042069699e-03   0.0000000000000000e+00
   9.2717995684370061e-04   0.0000000000000000e+00   0.0000000000000000e+00   0.0000000000000000e+00   0.0000000000000000e+00   0.0000000000000000e+00   0.0000000000000000e+00   0.0000000000000000e+00   6.5923714365087437e-03   1.0678741731655042e-03
   0.0000000000000000e+00   0.0000000000000000e+00   0.0000000000000000e+00   0.0000000000000000e+00   0.0000000000000000e+00   0.0000000000000000e+00   0.0000000000000000e+00   0.0000000000000000e+00   0.0000000000000000e+00   0.0000000000000000e+00
   1.3969131048229130e-03   3.3096357077689752e-04   8.6112357529188161e-04   0.0000000000000000e+00   0.0000000000000000e+00   0.0000000000000000e+00   5.5877822693360807e-03   0.0000000000000000e+00   0.0000000000000000e+00   0.0000000000000000e+00
   0.0000000000000000e+00   0.0000000000000000e+00   0.0000000000000000e+00   0.0000000000000000e+00   4.5902699217718968e-03   2.4532729829963683e-04   0.0000000000000000e+00   1.0306789089107407e-03   8.0674044496173419e-03   0.0000000000000000e+00
   0.0000000000000000e+00   0.0000000000000000e+00   1.0418325225960740e-03   0.0000000000000000e+00   0.0000000000000000e+00   6.1912083432571531e-04   0.0000000000000000e+00   0.0000000000000000e+00   1.9409132010815018e-03   0.0000000000000000e+00
   0.0000000000000000e+00   1.0524745758760479e-03   5.0934100509930312e-05   0.0000000000000000e+00   0.0000000000000000e+00   0.0000000000000000e+00   1.3724760450837222e-03   0.0000000000000000e+00   0.0000000000000000e+00   1.7999572097662740e-04
   0.0000000000000000e+00   0.0000000000000000e+00   3.0981863912268805e-04   0.0000000000000000e+00   0.0000000000000000e+00   0.0000000000000000e+00   1.0243356612836859e-03   0.0000000000000000e+00   2.3109819089194689e-04   0.0000000000000000e+00
   0.0000000000000000e+00   0.0000000000000000e+00   0.0000000000000000e+00   0.0000000000000000e+00   0.0000000000000000e+00   0.0000000000000000e+00   1.2976171643515793e-03   6.0221460394228182e-04   0.0000000000000000e+00   2.3546823119549119e-03
   0.0000000000000000e+00   2.3631721994252777e-03   0.0000000000000000e+00   5.6156485667830682e-04   0.0000000000000000e+00   0.0000000000000000e+00   2.6042203116577482e-03   1.6361248386111565e-03   3.6912648584334459e-03   0.0000000000000000e+00
   0.0000000000000000e+00   1.6526745575254995e-03   0.0000000000000000e+00   0.0000000000000000e+00   0.0000000000000000e+00   8.9780676319387736e-04   7.4359004415354563e-03   6.4479693757761895e-04   0.0000000000000000e+00   0.0000000000000000e+00
   0.0000000000000000e+00   1.3669553358065739e-03   0.0000000000000000e+00   3.7122621247696419e-04   0.0000000000000000e+00   0.0000000000000000e+00   0.0000000000000000e+00   1.5016010277246251e-04   1.7871301997856697e-04   4.1349660407214821e-03
   0.0000000000000000e+00   0.0000000000000000e+00   0.0000000000000000e+00   0.0000000000000000e+00   0.0000000000000000e+00   0.0000000000000000e+00   8.9057798511550353e-04   2.5342333709076303e-04   0.0000000000000000e+00   1.3424187082053437e-03
   0.0000000000000000e+00   0.0000000000000000e+00   3.0244442955516023e-04   0.0000000000000000e+00   5.9092856734429156e-04   1.8835425948018105e-04   5.2674614383063905e-03   2.1612290737247964e-03   1.7616073015046091e-03   2.4173712074404006e-03
   3.5913961993649136e-02   3.3645596483225189e-02   2.4353929991839305e-02   1.6405875619380672e-02   1.8998079326155038e-02   2.3863804449193077e-02   4.5894442633269356e-03   2.4680653874931979e-03   7.8263801633313406e-03   3.0652189980287375e-03
   2.2655034201129288e-02   1.4403815208982448e-03   1.3226565585268317e-02   1.1741590370181248e-02   1.7187073088829916e-02   1.5367450282319535e-02   2.3985263286884040e-03   0.0000000000000000e+00   6.1180050433956284e-03   1.0420640177680469e-03
   6.0637421544997988e-02   9.7389863306868663e-02   1.0990287633692986e-01   7.8199850025071779e-02   7.7345223353832412e-02   1.0966271979813590e-01   2.2184939410269642e-02   1.8057743932148416e-03   3.8852605660398610e-03   0.0000000000000000e+00
   1.5458053860079580e-02   1.8110675841418594e-02   1.4126210172071760e-02   8.4711556217786279e-03   1.2077765003259034e-02   1.5406274298877386e-03   2.2485045064038413e-03   1.4624341427598320e-03   1.0743311298330682e-02   1.9657635548348301e-03
   1.9454067098945874e-02   0.0000000000000000e+00   1.4194002740348002e-02   8.4486135004282845e-03   5.1553177512881143e-05   1.2974592328890311e-03   1.0693785202808943e-03   1.5125121819844801e-03   4.4050381523941477e-03   1.2173575097890338e-03
   1.5240914731014661e-04   0.0000000000000000e+00   0.0000000000000000e+00   0.0000000000000000e+00   0.0000000000000000e+00   7.9303776941077101e-04   1.1808811721675666e-03   8.2822238430181497e-04   0.0000000000000000e+00   0.0000000000000000e+00
   0.0000000000000000e+00   0.0000000000000000e+00   0.0000000000000000e+00   0.0000000000000000e+00   0.0000000000000000e+00   4.3183548468657808e-04   0.0000000000000000e+00   6.2031299739292295e-04   1.9935713860989320e-04   0.0000000000000000e+00
   1.9248429520306635e-04   0.0000000000000000e+00   0.0000000000000000e+00   0.0000000000000000e+00   0.0000000000000000e+00   0.0000000000000000e+00   0.0000000000000000e+00   4.7974748118229460e-05   0.0000000000000000e+00   6.9465686025891931e-03
   0.0000000000000000e+00   0.0000000000000000e+00   1.7585489166885868e-04   0.0000000000000000e+00   9.8559872346161187e-04   9.8762169018149848e-04   8.6099048929510515e-03   0.0000000000000000e+00   6.0492330899948096e-03   0.0000000000000000e+00
   0.0000000000000000e+00   0.0000000000000000e+00   0.0000000000000000e+00   0.0000000000000000e+00   1.1400167025961750e-03   0.0000000000000000e+00   8.2701482437967265e-04   0.0000000000000000e+00   5.5278548994453103e-03   0.0000000000000000e+00
   0.0000000000000000e+00   0.0000000000000000e+00   0.0000000000000000e+00   1.8168670419209027e-03   0.0000000000000000e+00   1.4174709909454590e-03   2.1940673368541098e-02   0.0000000000000000e+00   0.0000000000000000e+00   0.0000000000000000e+00
   0.0000000000000000e+00   1.3717842375480141e-03   0.0000000000000000e+00   0.0000000000000000e+00   0.0000000000000000e+00   6.3268556091880383e-04   2.1533099896521610e-02   0.0000000000000000e+00   4.7142426434754435e-03   1.0838288120657280e-03
   0.0000000000000000e+00   0.0000000000000000e+00   3.3117187637987010e-04   0.0000000000000000e+00   4.3960852695695428e-04   0.0000000000000000e+00   1.9567524798712800e-02   0.0000000000000000e+00   3.3985460796649961e-03   1.2059695266023473e-03
   5.5476337158098556e-03   6.4721393255200519e-03   0.0000000000000000e+00   0.0000000000000000e+00   0.0000000000000000e+00   0.0000000000000000e+00   2.6793434171575078e-02   0.0000000000000000e+00   4.0510102295845223e-02   2.0323172583623142e-03
   1.3257451979654146e-03   0.0000000000000000e+00   0.0000000000000000e+00   0.0000000000000000e+00   1.6189790802418523e-04   0.0000000000000000e+00   2.5102535996526613e-02   0.0000000000000000e+00   5.4393521418390116e-03   0.0000000000000000e+00
   0.0000000000000000e+00   2.1926419969089642e-03   6.6067555834042923e-04   0.0000000000000000e+00   0.0000000000000000e+00   0.0000000000000000e+00   0.0000000000000000e+00   0.0000000000000000e+00   0.0000000000000000e+00   0.0000000000000000e+00
   0.0000000000000000e+00   9.0954957236360015e-04   3.1022881958444671e-04   0.0000000000000000e+00   4.0024092085918410e-04   3.9475992921889053e-04   0.0000000000000000e+00   1.2422084286042563e-03   2.4497731973337905e-03   0.0000000000000000e+00
   3.7009401005686773e-03   6.0005903383642857e-04   0.0000000000000000e+00   0.0000000000000000e+00   1.6954664350578581e-03   0.0000000000000000e+00   0.0000000000000000e+00   0.0000000000000000e+00   7.6594443490679174e-04   0.0000000000000000e+00
   0.0000000000000000e+00   0.0000000000000000e+00   0.0000000000000000e+00   4.8524072819498398e-04   0.0000000000000000e+00   0.0000000000000000e+00   1.7088617220152390e-04   0.0000000000000000e+00   0.0000000000000000e+00   0.0000000000000000e+00
   0.0000000000000000e+00   0.0000000000000000e+00   6.2119726641290864e-04   4.4410533292357681e-04   0.0000000000000000e+00   6.0817416937834626e-04   3.9372296198498889e-03   0.0000000000000000e+00   0.0000000000000000e+00   3.0426897418445124e-03
   0.0000000000000000e+00   7.8985767437510387e-04   2.8126557595284647e-03   0.0000000000000000e+00   1.2758130757503029e-03   2.3321619565489686e-04   9.0475348090028555e-03   2.1695108252905333e-02   4.4403660660540613e-02   2.5399630783025758e-02
   0.0000000000000000e+00   0.0000000000000000e+00   9.0120906365996514e-04   1.4365916011423146e-03   0.0000000000000000e+00   0.0000000000000000e+00   2.1717923560149615e-03   0.0000000000000000e+00   2.5196913165506849e-02   1.6144906381897535e-02
   0.0000000000000000e+00   0.0000000000000000e+00   1.1004455930412286e-03   0.0000000000000000e+00   0.0000000000000000e+00   0.0000000000000000e+00   0.0000000000000000e+00   1.1718905758832574e-03   2.5414666619973957e-02   1.6234048480157314e-02
   1.1300619428005090e-03   0.0000000000000000e+00   2.5055745462029696e-03   1.6455047101211897e-04   1.3264734472865298e-03   0.0000000000000000e+00   1.4040410564040273e-03   1.3571371480659618e-02   6.4754932585018386e-03   2.0630892446708349e-02
   0.0000000000000000e+00   0.0000000000000000e+00   0.0000000000000000e+00   0.0000000000000000e+00   0.0000000000000000e+00   6.0598602702279371e-04   2.1619642794143165e-03   0.0000000000000000e+00   1.5130526988001755e-03   2.3221539323685933e-03
   3.1566149092932274e-03   1.4063269187570286e-03   2.1198693303530077e-04   0.0000000000000000e+00   0.0000000000000000e+00   0.0000000000000000e+00   0.0000000000000000e+00   2.5799128141689614e-04   5.1985719495854495e-04   0.0000000000000000e+00
   0.0000000000000000e+00   0.0000000000000000e+00   0.0000000000000000e+00   0.0000000000000000e+00   0.0000000000000000e+00   9.0083708491579091e-04   0.0000000000000000e+00   0.0000000000000000e+00   0.0000000000000000e+00   2.4797966846501055e-03
   0.0000000000000000e+00   0.0000000000000000e+00   3.9081805842384760e-03   0.0000000000000000e+00   0.0000000000000000e+00   4.3989567876633333e-04   0.0000000000000000e+00   0.0000000000000000e+00   0.0000000000000000e+00   0.0000000000000000e+00
   3.7705437157050489e-03   0.0000000000000000e+00   2.2956086798763741e-03   0.0000000000000000e+00   2.9902122016224326e-04   0.0000000000000000e+00   0.0000000000000000e+00   0.0000000000000000e+00   0.0000000000000000e+00   0.0000000000000000e+00
   0.0000000000000000e+00   9.7141539711742184e-04   0.0000000000000000e+00   0.0000000000000000e+00   0.0000000000000000e+00   0.0000000000000000e+00   2.3077534676423274e-04   3.1011492449603624e-03   0.0000000000000000e+00   0.0000000000000000e+00
   0.0000000000000000e+00   0.0000000000000000e+00   0.0000000000000000e+00   3.9325884130659776e-06   0.0000000000000000e+00   0.0000000000000000e+00   3.9924109064275026e-03   0.0000000000000000e+00   3.9166770554150592e-03   0.0000000000000000e+00
   0.0000000000000000e+00   0.0000000000000000e+00   9.2071209161659925e-04   0.0000000000000000e+00   0.0000000000000000e+00   0.0000000000000000e+00   0.0000000000000000e+00   0.0000000000000000e+00   1.4096379438373404e-03   1.7162539563085563e-03
   0.0000000000000000e+00   0.0000000000000000e+00   0.0000000000000000e+00   5.1883291164981889e-04   6.8133772495612872e-04   0.0000000000000000e+00   4.1246973241002519e-03   0.0000000000000000e+00   2.6222813272989490e-03   7.2782114867168512e-04
   0.0000000000000000e+00   0.0000000000000000e+00   0.0000000000000000e+00   0.0000000000000000e+00   0.0000000000000000e+00   0.0000000000000000e+00   4.8652049917494418e-03   0.0000000000000000e+00   2.5390474892917560e-03   2.0872954675112709e-03
   0.0000000000000000e+00   0.0000000000000000e+00   0.0000000000000000e+00   4.9404091918531408e-04   2.4307849122073738e-04   0.0000000000000000e+00   1.2408331432165144e-03   0.0000000000000000e+00   2.2450728998273835e-03   0.0000000000000000e+00
   0.0000000000000000e+00   1.5902808578704701e-03   1.8585719048652323e-03   0.0000000000000000e+00   0.0000000000000000e+00   0.0000000000000000e+00   0.0000000000000000e+00   8.1292251392130297e-04   8.1255504161347998e-04   0.0000000000000000e+00
   1.0819718635785111e-03   5.5941728738025814e-04   0.0000000000000000e+00   0.0000000000000000e+00   4.9187089302282537e-03   0.0000000000000000e+00   0.0000000000000000e+00   0.0000000000000000e+00   1.7835010307610717e-03   2.7663553267884078e-03
   0.0000000000000000e+00   0.0000000000000000e+00   1.8492116056644729e-04   6.1909897629894837e-04   0.0000000000000000e+00   0.0000000000000000e+00   0.0000000000000000e+00   0.0000000000000000e+00   0.0000000000000000e+00   1.8816929091344174e-03
   0.0000000000000000e+00   3.0418244802831888e-04   2.2557105628403036e-03   0.0000000000000000e+00   0.0000000000000000e+00   0.0000000000000000e+00   0.0000000000000000e+00   0.0000000000000000e+00   0.0000000000000000e+00   3.8309975265466371e-03
   0.0000000000000000e+00   0.0000000000000000e+00   0.0000000000000000e+00   1.2048153986489254e-03   0.0000000000000000e+00   8.0733522363928109e-04   0.0000000000000000e+00   0.0000000000000000e+00   5.8125575212492949e-03   1.9023657936727645e-03
   4.5662279010401799e-03   0.0000000000000000e+00   1.7550752967913318e-03   8.9063193311696553e-03   2.0612040186523118e-02   1.9540796146328377e-03   1.5105989318322465e-03   0.0000000000000000e+00   4.1156437576466160e-03   6.8990146083495790e-04
   3.5770224666465456e-02   2.6150546020702593e-02   1.5059256471793840e-02   0.0000000000000000e+00   2.3373646119119074e-02   1.0731523044868639e-03   2.4524598925296749e-03   1.5132710337591479e-03   0.0000000000000000e+00   2.7584611783862023e-03
   3.4661465305677777e-02   3.3700673784650109e-02   2.4589866333158045e-02   1.6726313919833740e-02   1.8873996697687096e-02   2.4549613412252931e-02   3.5065842305416236e-03   2.9178758963900012e-03   1.8654599284826691e-02   4.2715510857515545e-03
   4.5348040287909855e-02   2.9217281400174513e-02   1.4520551433951498e-02   7.1852170698929086e-04   1.4537614338277674e-02   1.1679833638705338e-03   1.0142616922909789e-03   0.0000000000000000e+00   0.0000000000000000e+00   1.3631902172768673e-03
   2.0695484053205220e-03   1.6384093354952750e-02   1.4084601526254495e-02   8.8211083380669297e-03   7.5978203491613430e-03   4.2460673453472006e-03   2.7491889175460887e-03   0.0000000000000000e+00   2.1071610536904716e-02   8.0249491735298205e-04
   0.0000000000000000e+00   0.0000000000000000e+00   2.7218806584523408e-04   0.0000000000000000e+00   0.0000000000000000e+00   0.0000000000000000e+00   0.0000000000000000e+00   0.0000000000000000e+00   3.0386310826234966e-03   0.0000000000000000e+00
   0.0000000000000000e+00   0.0000000000000000e+00   1.3411196649520324e-03   0.0000000000000000e+00   0.0000000000000000e+00   2.8414345433107682e-04   4.5236709125959680e-03   0.0000000000000000e+00   7.8533440702660551e-04   0.0000000000000000e+00
   0.0000000000000000e+00   4.0003919831189667e-04   0.0000000000000000e+00   3.9421831336200345e-04   0.0000000000000000e+00   0.0000000000000000e+00   0.0000000000000000e+00   0.0000000000000000e+00   0.0000000000000000e+00   0.0000000000000000e+00
   3.7955832420478552e-03   1.4856265364384734e-03   2.4019066771653391e-03   0.0000000000000000e+00   1.2854868239538480e-04   0.0000000000000000e+00   4.0639096212977390e-03   0.0000000000000000e+00   5.9660463325923807e-03   4.5928260274743391e-03
   0.0000000000000000e+00   2.0439270744731053e-03   1.2528869697497004e-03   0.0000000000000000e+00   3.1285038866314761e-04   0.0000000000000000e+00   0.0000000000000000e+00   2.5588458853795281e-04   0.0000000000000000e+00   0.0000000000000000e+00
   2.4624998231565750e-03   0.0000000000000000e+00   0.0000000000000000e+00   1.5091593954540442e-03   0.0000000000000000e+00   6.7474807896846000e-04   2.1140506439385209e-02   0.0000000000000000e+00   5.8552978740864887e-03   3.6122425842569118e-03
   1.3693137680977580e-03   0.0000000000000000e+00   2.0486617402009186e-03   1.1788227919151777e-03   3.3210183387346356e-03   0.0000000000000000e+00   3.0637762348498222e-02   0.0000000000000000e+00   0.0000000000000000e+00   3.2383130465772551e-03
   0.0000000000000000e+00   1.7341145819839592e-03   9.3707780266038903e-04   0.0000000000000000e+00   0.0000000000000000e+00   0.0000000000000000e+00   2.7249067256773893e-03   0.0000000000000000e+00   0.0000000000000000e+00   0.0000000000000000e+00
   5.8614034923385003e-04   3.9973144679641614e-03   0.0000000000000000e+00   0.0000000000000000e+00   0.0000000000000000e+00   9.5369318887649428e-05   2.0514704818326585e-02   0.0000000000000000e+00   0.0000000000000000e+00   0.0000000000000000e+00
   0.0000000000000000e+00   0.0000000000000000e+00   2.0964397409421183e-03   0.0000000000000000e+00   2.4658173124204701e-03   6.6908579828828174e-03   3.5921271357867803e-02   0.0000000000000000e+00   1.8647184438871851e-03   3.9775623085945557e-03
   0.0000000000000000e+00   4.3216423116929246e-03   3.3899418702372925e-05   4.6192335608722610e-04   1.5856913412387640e-03   6.8513533870272927e-05   3.1650714152611651e-03   0.0000000000000000e+00   3.8534074247528515e-03   0.0000000000000000e+00
   0.0000000000000000e+00   1.5000298103526035e-03   0.0000000000000000e+00   4.6254567235931864e-04   0.0000000000000000e+00   0.0000000000000000e+00   0.0000000000000000e+00   0.0000000000000000e+00   2.1701903691271184e-03   0.0000000000000000e+00
   1.8694366772784798e-03   0.0000000000000000e+00   0.0000000000000000e+00   0.0000000000000000e+00   0.0000000000000000e+00   0.0000000000000000e+00   5.5881167654035996e-04   0.0000000000000000e+00   2.3250002931284393e-03   4.7540094735107271e-04
   0.0000000000000000e+00   0.0000000000000000e+00   0.0000000000000000e+00   0.0000000000000000e+00   1.3975584678963401e-03   0.0000000000000000e+00   0.0000000000000000e+00   0.0000000000000000e+00   0.0000000000000000e+00   5.7167876397575099e-04
   2.3883540360597763e-03   0.0000000000000000e+00   2.1092370974232702e-04   6.3562935944766745e-04   0.0000000000000000e+00   0.0000000000000000e+00   4.2883400956788507e-04   0.0000000000000000e+00   0.0000000000000000e+00   0.0000000000000000e+00
   0.0000000000000000e+00   0.0000000000000000e+00   0.0000000000000000e+00   5.2803006070001519e-04   2.5484761462041157e-03   0.0000000000000000e+00   0.0000000000000000e+00   6.6664704055167225e-03   7.2340992658649378e-04   1.7373784051668097e-02
   0.0000000000000000e+00   9.5218063653646108e-03   0.0000000000000000e+00   8.1664185004024859e-04   4.6996197291743315e-03   1.5162164166033765e-03   2.2966115377657864e-03   1.9613993343178454e-02   3.6395543556718472e-02   2.7932859302455076e-02
   0.0000000000000000e+00   0.0000000000000000e+00   2.7432385833112203e-03   2.3074369458933220e-03   8.6161550758199514e-04   0.0000000000000000e+00   2.7774199119187911e-03   0.0000000000000000e+00   2.7339155807484906e-02   1.7495382572039569e-02
   4.7354162314235679e-03   0.0000000000000000e+00   1.1555904066565541e-03   7.2003718131569160e-04   8.3248410600867057e-07   0.0000000000000000e+00   0.0000000000000000e+00   1.3400464184688482e-02   3.0370152640205015e-02   7.6886453954604422e-03
   1.1327994431832575e-03   1.8885398437354000e-03   0.0000000000000000e+00   8.4426633528832107e-04   2.2237924866002692e-03   2.7268245528932269e-03   8.1618969525956069e-04   8.9030102135376026e-04   2.3845236325555973e-02   6.2273911505501378e-04
   2.7526347489739730e-03   0.0000000000000000e+00   0.0000000000000000e+00   0.0000000000000000e+00   0.0000000000000000e+00   1.9052034625752776e-03   0.0000000000000000e+00   0.0000000000000000e+00   0.0000000000000000e+00   0.0000000000000000e+00
   0.0000000000000000e+00   5.8183272080336900e-03   0.0000000000000000e+00   0.0000000000000000e+00   0.0000000000000000e+00   2.5245750820442133e-03   3.2382120905458361e-04   0.0000000000000000e+00   0.0000000000000000e+00   0.0000000000000000e+00
   0.0000000000000000e+00   0.0000000000000000e+00   0.0000000000000000e+00   0.0000000000000000e+00   2.7439784603745638e-03   0.0000000000000000e+00   1.5512734544738526e-03   1.4020086018243645e-05   0.0000000000000000e+00   7.6576044328574965e-03
   0.0000000000000000e+00   1.0437721949240794e-03   0.0000000000000000e+00   9.3773727438106248e-04   3.7850294572697955e-03   7.2701838948318409e-03   0.0000000000000000e+00   0.0000000000000000e+00   0.0000000000000000e+00   2.1047737882937574e-03
   0.0000000000000000e+00   0.0000000000000000e+00   0.0000000000000000e+00   0.0000000000000000e+00   0.0000000000000000e+00   0.0000000000000000e+00   7.9171012831527013e-04   0.0000000000000000e+00   3.9726263861238707e-03   0.0000000000000000e+00
   0.0000000000000000e+00   0.0000000000000000e+00   6.5749198042322563e-04   0.0000000000000000e+00   3.8012335055953358e-03   0.0000000000000000e+00   1.2030839522193483e-03   7.0116432953991239e-04   0.0000000000000000e+00   0.0000000000000000e+00
   0.0000000000000000e+00   0.0000000000000000e+00   0.0000000000000000e+00   0.0000000000000000e+00   0.0000000000000000e+00   2.0934811404230260e-03   0.0000000000000000e+00   0.0000000000000000e+00   6.2023342709753733e-04   7.9580631963766446e-04
   1.0433891658467504e-03   2.0613136552706454e-03   6.8325716189827825e-03   0.0000000000000000e+00   0.0000000000000000e+00   0.0000000000000000e+00   2.1394466697865809e-03   2.2474596658311656e-03   2.2481092631021350e-03   9.5082183143776599e-03
   3.5437760855128514e-03   3.0836071042763544e-03   0.0000000000000000e+00   0.0000000000000000e+00   0.0000000000000000e+00   0.0000000000000000e+00   0.0000000000000000e+00   0.0000000000000000e+00   0.0000000000000000e+00   4.0953190296146441e-03
   0.0000000000000000e+00   2.0127803489842695e-03   0.0000000000000000e+00   3.8133083889520632e-04   0.0000000000000000e+00   0.0000000000000000e+00   3.8054272182734992e-03   0.0000000000000000e+00   0.0000000000000000e+00   2.0155676602678007e-03
   3.9626167110583477e-04   1.3956738003773732e-03   0.0000000000000000e+00   0.0000000000000000e+00   0.0000000000000000e+00   0.0000000000000000e+00   0.0000000000000000e+00   0.0000000000000000e+00   0.0000000000000000e+00   1.1701813862166515e-03
