   0.0000000000000000e+00   0.0000000000000000e+00   0.0000000000000000e+00   0.0000000000000000e+00  -1.3796516142500538e-06   1.0677768582734003e-06   0.0000000000000000e+00   0.0000000000000000e+00   0.0000000000000000e+00   0.0000000000000000e+00
   6.2707950228083542e-04  -4.0166954322128498e-05   0.0000000000000000e+00   0.0000000000000000e+00   5.5828025095550852e-04   0.0000000000000000e+00  -1.5240129777454673e-04   0.0000000000000000e+00   2.8802819256280010e-05   2.2972305673294402e-06
   0.0000000000000000e+00  -1.0593152961966766e-06   0.0000000000000000e+00   0.0000000000000000e+00   0.0000000000000000e+00   0.0000000000000000e+00   0.0000000000000000e+00   0.0000000000000000e+00   0.0000000000000000e+00   0.0000000000000000e+00
   0.0000000000000000e+00   1.8880318819419594e-05   0.0000000000000000e+00   0.0000000000000000e+00   0.0000000000000000e+00   0.0000000000000000e+00  -9.5613947534186632e-05   0.0000000000000000e+00   0.0000000000000000e+00  -9.2079735861932082e-05
   0.0000000000000000e+00   0.0000000000000000e+00   0.0000000000000000e+00  -5.6803516447866966e-05   0.0000000000000000e+00   1.6574091124308565e-01  -6.9072319311929892e-02   3.0347312300963480e-01  -1.0155004911781899e-01  -1.1183534767845000e-04
   1.8844707022952755e-04  -9.4912728285855493e-05   1.4693636219433403e-04   2.0599758324830176e-04  -2.7482301313808758e-05   8.3565573927398870e-02   7.3102804823878237e-02   1.1798162347514669e-01  -3.6561834542311444e-01  -9.7851841126622881e-04
   1.1173997828102624e-03  -2.9450527141018825e-05   0.0000000000000000e+00  -6.6260241207446828e-04   7.9043200808964623e-06   5.0184628019309313e-02  -2.9282384033360259e-01  -2.2647049683865922e-01  -1.3965308685840569e-01   2.7473127586294088e-06
  -7.4251161167525954e-06   2.2257530826382045e-04  -2.1365580258224498e-04   1.5065430511200145e-05  -2.1976028676321294e-04  -6.2789818583585688e-01  -1.8803164614055926e-01   0.0000000000000000e+00   7.9917618429189486e-04   5.2540241107219029e-06
   0.0000000000000000e+00   0.0000000000000000e+00  -7.2604138693792893e-04   0.0000000000000000e+00  -1.3228892183994440e-04   3.4288259635028712e-02  -1.3631053275353625e-01   3.4474006413389130e-01   2.1455039069761631e-01   5.7029614569334902e-05
   0.0000000000000000e+00   0.0000000000000000e+00   0.0000000000000000e+00   1.5205807550378845e-05   0.0000000000000000e+00   0.0000000000000000e+00   0.0000000000000000e+00   0.0000000000000000e+00   0.0000000000000000e+00   0.0000000000000000e+00
   0.0000000000000000e+00   0.0000000000000000e+00   0.0000000000000000e+00  -8.9368448996693780e-06   4.9579778328731937e-05   0.0000000000000000e+00   2.1647660119340383e-05   2.7117463909116032e-05   0.0000000000000000e+00   4.1799531521999263e-05
   1.3451431352258484e-04   0.0000000000000000e+00  -4.9277050945392359e-06   0.0000000000000000e+00   0.0000000000000000e+00   0.0000000000000000e+00   0.0000000000000000e+00   0.0000000000000000e+00   0.0000000000000000e+00  -3.1175836258731620e-05
   0.0000000000000000e+00   0.0000000000000000e+00   0.0000000000000000e+00   0.0000000000000000e+00   0.0000000000000000e+00   1.3959187332782026e-06   0.0000000000000000e+00   0.0000000000000000e+00   0.0000000000000000e+00   0.0000000000000000e+00
   0.0000000000000000e+00   0.0000000000000000e+00   0.0000000000000000e+00   1.6734799870049358e-05   0.0000000000000000e+00  -1.3860320496187514e-05   0.0000000000000000e+00   0.0000000000000000e+00   2.8666532763191489e-04  -1.5529640888634839e-04
   0.0000000000000000e+00  -6.6698241865086011e-07   0.0000000000000000e+00   5.3921416794627533e-05  -5.9780580632869523e-06   0.0000000000000000e+00   0.0000000000000000e+00   9.6559950279444555e-07  -2.1110419769605702e-04  -2.5137569384451389e-06
   0.0000000000000000e+00   0.0000000000000000e+00   0.0000000000000000e+00   0.0000000000000000e+00   0.0000000000000000e+00   0.0000000000000000e+00   0.0000000000000000e+00   0.0000000000000000e+00   0.0000000000000000e+00   0.0000000000000000e+00
   0.0000000000000000e+00   0.0000000000000000e+00   1.2915383333213466e-06   8.6088032107912758e-08   0.0000000000000000e+00   3.8662236508812579e-04   0.0000000000000000e+00  -9.1274410773278417e-07   1.5527320129711048e-04   0.0000000000000000e+00
   0.0000000000000000e+00   0.0000000000000000e+00   0.0000000000000000e+00   0.0000000000000000e+00   5.8440472388905990e-05  -5.2852663792385255e-07   1.5906278799272458e-04   0.0000000000000000e+00   0.0000000000000000e+00   0.0000000000000000e+00
   1.2397182857456742e-04   0.0000000000000000e+00  -2.7815711620596256e-04   0.0000000000000000e+00   0.0000000000000000e+00   0.0000000000000000e+00   0.0000000000000000e+00   0.0000000000000000e+00   5.5008706118882223e-04   0.0000000000000000e+00
   0.0000000000000000e+00   0.0000000000000000e+00   0.0000000000000000e+00   0.0000000000000000e+00   0.0000000000000000e+00   0.0000000000000000e+00   9.6236398618729636e-05   0.0000000000000000e+00   0.0000000000000000e+00  -3.0013374935793423e-05
   1.4354141758597155e-06   0.0000000000000000e+00   0.0000000000000000e+00   0.0000000000000000e+00   0.0000000000000000e+00   0.0000000000000000e+00   0.0000000000000000e+00  -1.2499017444472076e-06   9.4258649746214383e-05   3.3896741445464232e-06
   0.0000000000000000e+00   0.0000000000000000e+00   0.0000000000000000e+00   0.0000000000000000e+00   0.0000000000000000e+00   0.0000000000000000e+00   0.0000000000000000e+00   0.0000000000000000e+00   0.0000000000000000e+00   0.0000000000000000e+00
   0.0000000000000000e+00   1.7864678314163720e-06   1.7519712419692454e-04   0.0000000000000000e+00   0.0000000000000000e+00   0.0000000000000000e+00   1.3459653046985493e-04   0.0000000000000000e+00   0.0000000000000000e+00   0.0000000000000000e+00
   0.0000000000000000e+00   0.0000000000000000e+00   0.0000000000000000e+00   0.0000000000000000e+00   2.0436261705794665e-05   0.0000000000000000e+00  -2.1224579980051038e-05   6.9150104629421187e-07   2.0142639649218557e-04  -4.2499954852386072e-08
   1.1706249936351325e-05  -2.1298599706558256e-05   0.0000000000000000e+00   2.6056441070964942e-01  -1.5329285272544396e-01   1.5394049443570659e-01  -1.8275001426186296e-01  -4.1695377047248949e-01  -6.0138543352919959e-04  -6.9327278963068071e-04
  -1.1986942699927726e-03   1.1405930713975795e-03  -9.5925227245392575e-06  -1.7899575929311293e-01   2.7954044940773981e-01  -1.9574404625694530e-01  -2.1727645098806553e-01   2.0511326530557036e-01  -1.2902595544191293e-04   1.5691954429634051e-03
   0.0000000000000000e+00   0.0000000000000000e+00   7.1073548067241291e-05  -8.1288288093349745e-02  -7.4566287470818408e-05  -2.7053969880958467e-01  -3.1778939164319332e-05   1.8620005426123476e-01  -1.0873679881681772e-03   5.6552894647315164e-05
   0.0000000000000000e+00   0.0000000000000000e+00  -1.1713322392980218e-04   8.6922990517813561e-02   0.0000000000000000e+00   0.0000000000000000e+00  -1.1355251297909862e-01   0.0000000000000000e+00   1.5058951129082560e-06   0.0000000000000000e+00
   2.5128675480564993e-03  -1.6871598145006521e-04   3.1414686556581212e-04   1.2143277370105900e-01  -7.6671411141276374e-02  -1.3365284114000286e-01  -2.1439879792519237e-01  -1.5267556362743864e-01  -1.6386769725337757e-03  -1.2294528080795277e-04
   0.0000000000000000e+00   0.0000000000000000e+00   0.0000000000000000e+00  -2.9708462055180400e-07   1.3540622929446256e-04   0.0000000000000000e+00  -3.1642907078986806e-05  -1.5472963760732373e-05   2.5227884302258854e-06   0.0000000000000000e+00
   1.6060557174601940e-05   0.0000000000000000e+00   0.0000000000000000e+00  -9.9218367452930228e-07   0.0000000000000000e+00   0.0000000000000000e+00   0.0000000000000000e+00   0.0000000000000000e+00   0.0000000000000000e+00   0.0000000000000000e+00
   0.0000000000000000e+00   0.0000000000000000e+00   0.0000000000000000e+00   0.0000000000000000e+00   0.0000000000000000e+00   0.0000000000000000e+00   0.0000000000000000e+00   0.0000000000000000e+00  -1.9342276389486341e-04   4.4831031616679291e-05
   0.0000000000000000e+00   0.0000000000000000e+00   0.0000000000000000e+00   0.0000000000000000e+00   2.4827092199168745e-05   0.0000000000000000e+00   0.0000000000000000e+00   0.0000000000000000e+00   6.8461074272866361e-04   0.0000000000000000e+00
   0.0000000000000000e+00   0.0000000000000000e+00  -5.9533784813092124e-07   1.7535001928725736e-06   0.0000000000000000e+00   8.6914879658097656e-07   0.0000000000000000e+00   0.0000000000000000e+00   0.0000000000000000e+00  -2.5688717126007660e-05
   0.0000000000000000e+00  -4.6307938926242538e-04   2.1527846874982378e-02  -6.1762895961371390e-02  -3.3897790282329493e-01   1.9423354588701985e-03   8.9245372821416429e-05   0.0000000000000000e+00   1.1295750769131087e-01   2.1242798099507437e-01
   0.0000000000000000e+00   0.0000000000000000e+00  -9.1500809997359087e-02  -2.7861559660223922e-01   2.3738385218950334e-02  -5.5953311482544415e-04   1.1031929650081403e-04  -6.7787440048124893e-04  -2.4302882385580202e-01  -1.3800023177917871e-05
   2.6662118572223430e-03  -2.6375113919157585e-03  -5.1503206047068784e-01   1.3634879813778275e-01   2.2813609601604515e-01   1.1654035653860426e-03  -4.8732412117982729e-03   3.1834982515559892e-05  -5.2741494858168336e-01   1.5309057635404416e-01
  -2.2099013448393295e-04   5.3968207792943112e-04   1.1688198868367258e-01  -2.3158398811966893e-01  -1.2548045249669487e-01   0.0000000000000000e+00   9.6335797680031855e-05  -4.5692550500075829e-04   1.5898016731288524e-03   2.4520743501480505e-01
  -1.1076365084311573e-04   1.5732790239698358e-02  -5.8912729079672745e-02  -3.6699981229961855e-02  -1.9661890050146072e-01   2.4328602371741819e-02   2.2032535315262065e-04  -5.1538834452860726e-05  -3.8606379434156124e-01   8.4704784671072300e-02
   0.0000000000000000e+00  -1.3799370320261844e-04   0.0000000000000000e+00   0.0000000000000000e+00   1.6755362505902254e-07   0.0000000000000000e+00   0.0000000000000000e+00   0.0000000000000000e+00   0.0000000000000000e+00   0.0000000000000000e+00
   0.0000000000000000e+00   0.0000000000000000e+00   0.0000000000000000e+00  -3.6740070837770285e-05   8.6345770539025578e-07   0.0000000000000000e+00  -1.0833970605697049e-03   2.0191599643552044e-05   0.0000000000000000e+00   0.0000000000000000e+00
   0.0000000000000000e+00  -5.2600481613982706e-07   6.9580973463052688e-05   0.0000000000000000e+00   4.8676819301616631e-04   0.0000000000000000e+00   0.0000000000000000e+00  -1.8460908660654115e-05   1.6049444042317807e-07  -1.5868001180737672e-05
  -3.3500502538546192e-06   0.0000000000000000e+00   1.5317515623017297e-04  -3.7868131686635470e-05   0.0000000000000000e+00   0.0000000000000000e+00   0.0000000000000000e+00  -1.0809952826414622e-04   5.4187499095486864e-05   1.3500981273533808e-04
  -6.5854591018019000e-05   0.0000000000000000e+00   5.6460951472934957e-05   0.0000000000000000e+00   0.0000000000000000e+00   0.0000000000000000e+00   0.0000000000000000e+00   0.0000000000000000e+00   0.0000000000000000e+00   0.0000000000000000e+00
   4.9512314176851611e-02  -3.0020281268584750e-03   3.2674835764313848e-01   3.8094759349594054e-01  -1.7530236121482001e-01   1.3660365302052186e-04   6.4753598970658310e-06  -2.7138415932120033e-04   1.6785334078608991e-01  -7.2628802808991755e-02
   5.8834067568839330e-03   1.5782044416037128e-05  -3.3571440974013805e-01   2.2516408759855784e-02  -1.0765121687920295e-01   2.6420266495775419e-01  -7.9167225121542350e-03  -3.5657755099908661e-01   1.3278536233677635e-01  -1.1299215542664599e-01
   1.4539873350062149e-01  -9.1701015312486509e-03   9.0899376948410987e-04   1.8591280976910418e-01  -1.6106312237143591e-01  -1.1566167262826725e-03  -1.6334230960517557e-01   7.6389221705668017e-02   9.8040257394617664e-02   3.7924909985348976e-01
   2.7927001041597760e-01   2.8771315668598946e-01   1.9314446241824096e-01   1.3845916498289257e-01   2.7976878843934977e-01  -2.4460311956327854e-01  -3.4023624237080713e-01   1.2921702052401725e-05   1.5383930388995645e-01  -4.9716069760240506e-01
  -5.6485931778678682e-04   2.8441906201112799e-01  -3.9330440082792309e-02  -2.3053870637710175e-01  -1.1382472947457954e-01  -1.0918509431710216e-01  -7.8208839970925495e-02  -1.4189067176069894e-01   1.3728302471361531e-01  -1.1870166866324464e-01
   0.0000000000000000e+00   0.0000000000000000e+00   3.8244211202781785e-07   0.0000000000000000e+00   0.0000000000000000e+00   0.0000000000000000e+00   0.0000000000000000e+00  -2.0015579265150901e-06  -3.7383859136234815e-05   0.0000000000000000e+00
   0.0000000000000000e+00   0.0000000000000000e+00   0.0000000000000000e+00   0.0000000000000000e+00   1.3780401500412172e-06  -3.2074050084867905e-05  -9.8929045932487253e-05   1.1486746753654151e-06  -4.2618650188735131e-05   0.0000000000000000e+00
   0.0000000000000000e+00   0.0000000000000000e+00  -3.5294555791445310e-04   4.3430070812488187e-07  -2.1374237846551558e-06   3.4298857359705935e-04   0.0000000000000000e+00   0.0000000000000000e+00  -1.2298775909901752e-04   0.0000000000000000e+00
   0.0000000000000000e+00   0.0000000000000000e+00  -3.2752915785988083e-04   0.0000000000000000e+00   0.0000000000000000e+00   0.0000000000000000e+00   0.0000000000000000e+00   0.0000000000000000e+00   0.0000000000000000e+00   0.0000000000000000e+00
   0.0000000000000000e+00   0.0000000000000000e+00  -9.0289961809580428e-05   4.4226451751715964e-05   0.0000000000000000e+00   2.1252523533123696e-05   0.0000000000000000e+00   0.0000000000000000e+00   0.0000000000000000e+00   0.0000000000000000e+00
   0.0000000000000000e+00   0.0000000000000000e+00   0.0000000000000000e+00   0.0000000000000000e+00  -1.0115766722453145e-04   0.0000000000000000e+00   6.1233282659545416e-05   0.0000000000000000e+00   0.0000000000000000e+00   0.0000000000000000e+00
   0.0000000000000000e+00   0.0000000000000000e+00   0.0000000000000000e+00   0.0000000000000000e+00   0.0000000000000000e+00   0.0000000000000000e+00  -3.7582697112245398e-05   0.0000000000000000e+00   0.0000000000000000e+00   4.0622544286396246e-05
   0.0000000000000000e+00   0.0000000000000000e+00   0.0000000000000000e+00   0.0000000000000000e+00   0.0000000000000000e+00   0.0000000000000000e+00   0.0000000000000000e+00   0.0000000000000000e+00   0.0000000000000000e+00   0.0000000000000000e+00
   0.0000000000000000e+00   0.0000000000000000e+00   0.0000000000000000e+00  -5.3940231544872086e-06   0.0000000000000000e+00   1.7501440160885408e-04   0.0000000000000000e+00  -5.9413562848250836e-06   1.1276253829190319e-03   1.7378757333433976e-04
   0.0000000000000000e+00   0.0000000000000000e+00   0.0000000000000000e+00   0.0000000000000000e+00   0.0000000000000000e+00   0.0000000000000000e+00   0.0000000000000000e+00   0.0000000000000000e+00  -6.0603340024386037e-04   0.0000000000000000e+00
   0.0000000000000000e+00   0.0000000000000000e+00  -3.1991888064703331e-04   0.0000000000000000e+00   0.0000000000000000e+00   0.0000000000000000e+00   0.0000000000000000e+00   0.0000000000000000e+00   1.0859473941869199e-06   0.0000000000000000e+00
   5.1437075555162579e-05   0.0000000000000000e+00   0.0000000000000000e+00   0.0000000000000000e+00  -6.8321773156225391e-06   1.3625560934345728e-06   1.0704308021890115e-06   0.0000000000000000e+00  -2.0373007013899425e-04   0.0000000000000000e+00
   2.4502476046700443e-06   0.0000000000000000e+00   0.0000000000000000e+00   0.0000000000000000e+00   0.0000000000000000e+00   0.0000000000000000e+00   0.0000000000000000e+00   0.0000000000000000e+00  -7.4795921616383843e-04   4.0505028176241904e-05
   0.0000000000000000e+00   0.0000000000000000e+00   0.0000000000000000e+00   0.0000000000000000e+00   0.0000000000000000e+00   0.0000000000000000e+00   0.0000000000000000e+00   0.0000000000000000e+00   0.0000000000000000e+00   0.0000000000000000e+00
   3.2130084903778492e-05  -1.0465987061973397e-06  -2.7231118447898404e-06   0.0000000000000000e+00   0.0000000000000000e+00   0.0000000000000000e+00  -8.4524701223207259e-04   0.0000000000000000e+00   0.0000000000000000e+00   0.0000000000000000e+00
   0.0000000000000000e+00   0.0000000000000000e+00   0.0000000000000000e+00   0.0000000000000000e+00  -6.9858670084278535e-04   2.6919636256491257e-06   0.0000000000000000e+00   4.8680880201417369e-05  -1.2700060963889235e-03   0.0000000000000000e+00
   0.0000000000000000e+00   0.0000000000000000e+00   3.2945637118424343e-06   0.0000000000000000e+00   0.0000000000000000e+00   9.2709769528364570e-06   0.0000000000000000e+00   0.0000000000000000e+00  -6.7197294873263814e-05   0.0000000000000000e+00
   0.0000000000000000e+00   4.2703828281770483e-05  -1.6106776818332353e-07   0.0000000000000000e+00   0.0000000000000000e+00   0.0000000000000000e+00   5.0999113069115564e-05   0.0000000000000000e+00   0.0000000000000000e+00  -7.8171658984171951e-07
   0.0000000000000000e+00   0.0000000000000000e+00   2.3553725505527818e-06   0.0000000000000000e+00   0.0000000000000000e+00   0.0000000000000000e+00   3.2392337781912035e-06   0.0000000000000000e+00  -1.3300655981743669e-06   0.0000000000000000e+00
   0.0000000000000000e+00   0.0000000000000000e+00   0.0000000000000000e+00   0.0000000000000000e+00   0.0000000000000000e+00   0.0000000000000000e+00  -5.7618783054686576e-06  -1.9043697886738245e-06   0.0000000000000000e+00   1.4065293417319589e-04
   0.0000000000000000e+00   1.8678174406720080e-04   0.0000000000000000e+00  -3.3955489064516182e-06   0.0000000000000000e+00   0.0000000000000000e+00   1.6549026397535621e-04  -1.1205355426837860e-04   2.7386726880471136e-04   0.0000000000000000e+00
   0.0000000000000000e+00   8.4427031907010627e-05   0.0000000000000000e+00   0.0000000000000000e+00   0.0000000000000000e+00   3.8717465521132454e-05  -9.6383410746877130e-04   3.4596694571153948e-06   0.0000000000000000e+00   0.0000000000000000e+00
   0.0000000000000000e+00  -3.8030337064859639e-05   0.0000000000000000e+00  -9.0877826005684642e-06   0.0000000000000000e+00   0.0000000000000000e+00   0.0000000000000000e+00  -4.7484793844594636e-07  -5.6514019065944701e-07  -4.2461689685787182e-04
   0.0000000000000000e+00   0.0000000000000000e+00   0.0000000000000000e+00   0.0000000000000000e+00   0.0000000000000000e+00   0.0000000000000000e+00   2.0447919602263915e-05  -8.0139495744744112e-07   0.0000000000000000e+00  -6.1991666589115039e-05
   0.0000000000000000e+00   0.0000000000000000e+00   2.8127787604306879e-06   0.0000000000000000e+00  -8.8122505565406926e-06  -5.9562846695173404e-07  -5.9291012857660031e-04  -2.2968163184015748e-04  -5.2898721288654124e-05   1.8093729227426818e-04
   4.6236258735790181e-01   1.6782830584942626e-01   3.6406829310322980e-01  -3.4133890970570702e-01   1.6815772835501430e-01  -1.5084252843408977e-01   2.9891129991936339e-04   2.2516059120383108e-04   8.9374908836221023e-04   1.7469917281729569e-04
  -1.7853375125161991e-01  -3.6948011475802153e-05   3.4808296494055185e-03  -2.2293501138018074e-01  -2.1471004126241761e-01   2.3845495130294389e-01  -9.8488415844431531e-05   0.0000000000000000e+00   7.4308206869613640e-04   3.6019368871473529e-05
  -3.0435205332735477e-01  -3.4505821546378379e-02   1.5210381683321395e-01   1.0965438083753079e-01  -6.1761192374851215e-01  -8.2232082419778113e-02  -1.0679570634125963e-02  -1.4794673806537524e-04   2.2181259318065813e-04   0.0000000000000000e+00
   3.9418736559366134e-03  -6.2016068895311627e-01   1.0977033016713320e-01  -3.0412278146586924e-01   3.2094831131668972e-01   5.2694246847923877e-05  -1.0672836223141196e-04  -7.9458748818089130e-05   1.9205369638639837e-03   1.0050014369939288e-04
  -2.5229203374743264e-01   0.0000000000000000e+00  -2.1891194415726783e-01   2.3524559852229632e-01   1.6302546155967630e-07   7.2634037787713330e-05   1.5916837587482731e-05  -1.5300666125332054e-05  -3.7627622625354139e-04   3.0202015489706821e-05
   8.9202197984738774e-07   0.0000000000000000e+00   0.0000000000000000e+00   0.0000000000000000e+00   0.0000000000000000e+00  -3.1504674307711246e-05  -2.6920532466299662e-05  -1.5749790164317821e-05   0.0000000000000000e+00   0.0000000000000000e+00
   0.0000000000000000e+00   0.0000000000000000e+00   0.0000000000000000e+00   0.0000000000000000e+00   0.0000000000000000e+00   1.3655837060923500e-06   0.0000000000000000e+00  -1.8546764112232423e-05   8.3952076438277219e-07   0.0000000000000000e+00
   6.0868878665391226e-07   0.0000000000000000e+00   0.0000000000000000e+00   0.0000000000000000e+00   0.0000000000000000e+00   0.0000000000000000e+00   0.0000000000000000e+00   1.5170947422648197e-07   0.0000000000000000e+00   1.2813619932340102e-03
   0.0000000000000000e+00   0.0000000000000000e+00  -1.8210377029128573e-06   0.0000000000000000e+00   4.4773239742469732e-05  -4.8166628859468377e-05  -1.4817414890509278e-03   0.0000000000000000e+00  -8.0479033237331171e-04   0.0000000000000000e+00
   0.0000000000000000e+00   0.0000000000000000e+00   0.0000000000000000e+00   0.0000000000000000e+00   6.5328632186270491e-05   0.0000000000000000e+00  -2.6152505037639148e-06   0.0000000000000000e+00  -5.1318428897138303e-04   0.0000000000000000e+00
   0.0000000000000000e+00   0.0000000000000000e+00   0.0000000000000000e+00  -1.9713712004214642e-04   0.0000000000000000e+00   9.6276172936528824e-05  -3.3140120580505783e-01   0.0000000000000000e+00   0.0000000000000000e+00   0.0000000000000000e+00
   0.0000000000000000e+00   5.4337064456183783e-05   0.0000000000000000e+00   0.0000000000000000e+00   0.0000000000000000e+00  -2.2018572164216859e-05   2.0621141791160019e-01   0.0000000000000000e+00   4.5216192255476568e-04  -3.9723558671588340e-05
   0.0000000000000000e+00   0.0000000000000000e+00  -1.0472574263521078e-06   0.0000000000000000e+00   9.2125649649277265e-06   0.0000000000000000e+00   2.7177355573179218e-01   0.0000000000000000e+00   2.3769139135694351e-04  -5.0734055463868076e-05
   1.9312787410529069e-04  -8.3123470863202364e-04   0.0000000000000000e+00   0.0000000000000000e+00   0.0000000000000000e+00   0.0000000000000000e+00   7.6134724205568549e-02   0.0000000000000000e+00  -3.2439761805658329e-02   9.0767881612324668e-05
   3.5353475103684596e-05   0.0000000000000000e+00   0.0000000000000000e+00   0.0000000000000000e+00  -5.1196613777287618e-07   0.0000000000000000e+00   9.1013092925250769e-02   0.0000000000000000e+00  -5.8868310404140440e-04   0.0000000000000000e+00
   0.0000000000000000e+00   1.4861250664094277e-04   1.4411193881730313e-05   0.0000000000000000e+00   0.0000000000000000e+00   0.0000000000000000e+00   0.0000000000000000e+00   0.0000000000000000e+00   0.0000000000000000e+00   0.0000000000000000e+00
   0.0000000000000000e+00  -2.3897726588506492e-05   9.8102966571230277e-07   0.0000000000000000e+00  -1.2656729227182183e-06  -1.2483405052985480e-06   0.0000000000000000e+00  -6.3495967797221636e-05   9.1353959663429063e-05   0.0000000000000000e+00
  -3.2657883128263957e-04  -1.8975532774831589e-06   0.0000000000000000e+00   0.0000000000000000e+00  -7.3108081732337849e-05   0.0000000000000000e+00   0.0000000000000000e+00   0.0000000000000000e+00  -1.5422407510807951e-05   0.0000000000000000e+00
   0.0000000000000000e+00   0.0000000000000000e+00   0.0000000000000000e+00  -1.3533916502910981e-05   0.0000000000000000e+00   0.0000000000000000e+00  -5.4038952478456496e-07   0.0000000000000000e+00   0.0000000000000000e+00   0.0000000000000000e+00
   0.0000000000000000e+00   0.0000000000000000e+00   1.5365465250239430e-05  -1.4043843730658674e-06   0.0000000000000000e+00  -1.9232155893166029e-06   3.2060208931204465e-04   0.0000000000000000e+00   0.0000000000000000e+00  -2.9709383256530615e-04
   0.0000000000000000e+00   1.5378940584983216e-05   3.3242374969256962e-04   0.0000000000000000e+00   1.6431665736460665e-05  -3.3720368503200359e-06  -1.6531529020180854e-03   2.7095481416851852e-01  -3.0449523241596017e-02   3.0761562116992813e-01
   0.0000000000000000e+00   0.0000000000000000e+00   3.1405038765132104e-05   1.3190084844435159e-04   0.0000000000000000e+00   0.0000000000000000e+00   1.1963325052397758e-04   0.0000000000000000e+00   1.7417977479734104e-01   1.1621894024663518e-01
   0.0000000000000000e+00   0.0000000000000000e+00  -3.9743467209726645e-05   0.0000000000000000e+00   0.0000000000000000e+00   0.0000000000000000e+00   0.0000000000000000e+00  -3.5492634504283917e-05  -1.7116608359699997e-01   5.0976483323501409e-01
   9.1659434194806519e-07   0.0000000000000000e+00   2.5025542848462138e-04  -5.2035427845180703e-07   2.1016170194109040e-05   0.0000000000000000e+00   4.1364307914325431e-05  -4.7544704656116615e-01  -4.4530995806302709e-04  -1.8165023924134030e-01
   0.0000000000000000e+00   0.0000000000000000e+00   0.0000000000000000e+00   0.0000000000000000e+00   0.0000000000000000e+00  -6.6925533736410289e-06   1.2597383678817324e-04   0.0000000000000000e+00  -3.4675229437073293e-05   1.3737811210340432e-04
   2.6053663737826352e-04  -4.8228770220857918e-05  -6.5238453201897629e-07   0.0000000000000000e+00   0.0000000000000000e+00   0.0000000000000000e+00   0.0000000000000000e+00  -8.1584006574286362e-07  -1.6439327940952038e-06   0.0000000000000000e+00
   0.0000000000000000e+00   0.0000000000000000e+00   0.0000000000000000e+00   0.0000000000000000e+00   0.0000000000000000e+00   4.4608643316908225e-05   0.0000000000000000e+00   0.0000000000000000e+00   0.0000000000000000e+00  -4.1269199995946108e-05
   0.0000000000000000e+00   0.0000000000000000e+00  -5.7682357684861203e-04   0.0000000000000000e+00   0.0000000000000000e+00   1.0859848462739749e-05   0.0000000000000000e+00   0.0000000000000000e+00   0.0000000000000000e+00   0.0000000000000000e+00
   3.3244918393375285e-04   0.0000000000000000e+00   1.8130161581717127e-04   0.0000000000000000e+00  -3.1833299717854406e-06   0.0000000000000000e+00   0.0000000000000000e+00   0.0000000000000000e+00   0.0000000000000000e+00   0.0000000000000000e+00
   0.0000000000000000e+00   1.7162997911518419e-05   0.0000000000000000e+00   0.0000000000000000e+00   0.0000000000000000e+00   0.0000000000000000e+00  -7.2977572359014459e-07  -3.5246707167906337e-04   0.0000000000000000e+00   0.0000000000000000e+00
   0.0000000000000000e+00   0.0000000000000000e+00   0.0000000000000000e+00   1.2435936485275420e-08   0.0000000000000000e+00   0.0000000000000000e+00  -3.7413021897230570e-04   0.0000000000000000e+00   2.0287904701264252e-04   0.0000000000000000e+00
   0.0000000000000000e+00   0.0000000000000000e+00  -2.9115472787660733e-06   0.0000000000000000e+00   0.0000000000000000e+00   0.0000000000000000e+00   0.0000000000000000e+00   0.0000000000000000e+00   1.4710230533381404e-05  -9.7435383819216811e-05
   0.0000000000000000e+00   0.0000000000000000e+00   0.0000000000000000e+00   4.2317999964833605e-06   2.1629125366632351e-05   0.0000000000000000e+00   3.6822651810070566e-04   0.0000000000000000e+00   8.1040434957307974e-05   7.6062210242859305e-06
   0.0000000000000000e+00   0.0000000000000000e+00   0.0000000000000000e+00   0.0000000000000000e+00   0.0000000000000000e+00   0.0000000000000000e+00   6.1084338624296049e-04   0.0000000000000000e+00   5.9661984576585690e-05   1.3142873901632714e-04
   0.0000000000000000e+00   0.0000000000000000e+00   0.0000000000000000e+00  -1.5622945619487698e-06  -3.2168976854388643e-06   0.0000000000000000e+00   2.4900124322343848e-05   0.0000000000000000e+00   3.9955960197375103e-06   0.0000000000000000e+00
   0.0000000000000000e+00   8.7633238587325426e-05  -9.7028782137995395e-05   0.0000000000000000e+00   0.0000000000000000e+00   0.0000000000000000e+00   0.0000000000000000e+00  -2.5706867052212553e-06   1.0259943316868575e-05   0.0000000000000000e+00
   3.0934055897321310e-05   1.7690327905945848e-06   0.0000000000000000e+00   0.0000000000000000e+00   8.4575044382599173e-04   0.0000000000000000e+00   0.0000000000000000e+00   0.0000000000000000e+00  -6.5768271179015249e-05  -2.2840591466731345e-04
   0.0000000000000000e+00   0.0000000000000000e+00  -1.4097036540484695e-06  -1.9577628621832779e-06   0.0000000000000000e+00   0.0000000000000000e+00   0.0000000000000000e+00   0.0000000000000000e+00   0.0000000000000000e+00   8.1343600609908376e-05
   0.0000000000000000e+00   9.6190936001528209e-07   2.0898255125783994e-04   0.0000000000000000e+00   0.0000000000000000e+00   0.0000000000000000e+00   0.0000000000000000e+00   0.0000000000000000e+00   0.0000000000000000e+00  -3.9325791343749903e-04
   0.0000000000000000e+00   0.0000000000000000e+00   0.0000000000000000e+00   9.5123022542265503e-05   0.0000000000000000e+00  -1.4797266140201979e-05   0.0000000000000000e+00   0.0000000000000000e+00  -6.5318789589965574e-04   9.0051265138031778e-05
  -5.2703945041821410e-04   0.0000000000000000e+00  -8.5803237756505027e-05  -1.2163905061391156e-01  -3.7189010422958371e-02   1.5332659470754329e-04  -5.2620375986218262e-05   0.0000000000000000e+00   1.2384057203628507e-04  -1.3493561902293984e-05
  -6.0297396722723040e-01  -6.6406593211946885e-01  -2.1647510660659597e-01   0.0000000000000000e+00  -2.5376485728320592e-02   6.1982407321206482e-06  -1.5717803805568795e-04   9.0306723862268424e-05   0.0000000000000000e+00   2.3279654583245160e-04
   2.2702499442339111e-01  -2.0893890133251281e-01  -3.7450017104909172e-01  -3.7635850277529553e-01   1.6932689113982885e-01   2.9043039878038640e-01  -9.0768633309600924e-05   3.2484875958856699e-04  -7.5660488069551005e-03   4.9771945037528154e-04
   1.1329842661996997e-01   3.4570021894488090e-01   1.5530497825210662e-01   4.7593365497710539e-06   1.8426724823148771e-01  -4.3998544335140433e-05  -2.2834714538447967e-05   0.0000000000000000e+00   0.0000000000000000e+00   5.0384000397497448e-05
  -7.8854957516660837e-05   3.0086452194648183e-01  -1.8996153887918249e-01   1.8846308933195369e-01   1.9378899943582844e-03  -5.2713574805812388e-04  -5.4964464295218264e-05   0.0000000000000000e+00  -8.7039595814653627e-03   1.6293531694514915e-05
   0.0000000000000000e+00   0.0000000000000000e+00  -8.6073423998682343e-07   0.0000000000000000e+00   0.0000000000000000e+00   0.0000000000000000e+00   0.0000000000000000e+00   0.0000000000000000e+00   1.6751907581866727e-04   0.0000000000000000e+00
   0.0000000000000000e+00   0.0000000000000000e+00   7.5969018093483340e-05   0.0000000000000000e+00   0.0000000000000000e+00  -8.9854049791423771e-07   4.9758997173239246e-04   0.0000000000000000e+00  -1.0600229750456285e-05   0.0000000000000000e+00
   0.0000000000000000e+00   4.5371199614005899e-06   0.0000000000000000e+00   9.9660139670617423e-06   0.0000000000000000e+00   0.0000000000000000e+00   0.0000000000000000e+00   0.0000000000000000e+00   0.0000000000000000e+00   0.0000000000000000e+00
   3.4369081880531864e-04  -7.2727585342679177e-05   2.1123280283364272e-04   0.0000000000000000e+00   4.0650662658300568e-07   0.0000000000000000e+00   4.3657433667168344e-04   0.0000000000000000e+00   7.0203466272822335e-04  -6.5819649075889164e-04
   0.0000000000000000e+00   8.3942435410086231e-05   6.8452404939285907e-05   0.0000000000000000e+00  -5.1539823343703793e-06   0.0000000000000000e+00   0.0000000000000000e+00  -5.4811528078693876e-07   0.0000000000000000e+00   0.0000000000000000e+00
   9.0124305509586237e-05   0.0000000000000000e+00   0.0000000000000000e+00   1.3650093557499097e-04   0.0000000000000000e+00  -9.0376340114652950e-06   2.5910404674374476e-01   0.0000000000000000e+00  -6.6797777113991716e-04  -3.9240542473654045e-04
  -2.4117205080348468e-05   0.0000000000000000e+00   1.6012312054429622e-04  -8.4463377226471638e-05   4.6887487206854892e-04   0.0000000000000000e+00  -1.9330494572023897e-02   0.0000000000000000e+00   0.0000000000000000e+00  -2.4522930064153377e-04
   0.0000000000000000e+00  -9.2921643297117724e-05  -3.0495211174044257e-05   0.0000000000000000e+00   0.0000000000000000e+00   0.0000000000000000e+00   1.5460871027679255e-04   0.0000000000000000e+00   0.0000000000000000e+00   0.0000000000000000e+00
  -2.0165902354774103e-07   4.6395995576952104e-04   0.0000000000000000e+00   0.0000000000000000e+00   0.0000000000000000e+00  -3.0158426658388807e-07   1.5635020417274520e-01   0.0000000000000000e+00   0.0000000000000000e+00   0.0000000000000000e+00
   0.0000000000000000e+00   0.0000000000000000e+00   8.7099007206565952e-05   0.0000000000000000e+00   2.3883286059036963e-04  -1.8539313895951316e-03  -3.8228073017669104e-02   0.0000000000000000e+00  -4.4852623391817148e-05   5.0257373654450060e-04
   0.0000000000000000e+00   4.9474877661718889e-04  -1.0719937445520750e-07   1.4607299096646388e-06   6.1903546587859236e-05   2.1715719148014732e-07  -2.3078138051427151e-04   0.0000000000000000e+00   3.1740671819611440e-04   0.0000000000000000e+00
   0.0000000000000000e+00  -7.4470030049458835e-05   0.0000000000000000e+00  -6.9191800737257018e-07   0.0000000000000000e+00   0.0000000000000000e+00   0.0000000000000000e+00   0.0000000000000000e+00  -3.0830610080335549e-05   0.0000000000000000e+00
  -2.6202591677001255e-05   0.0000000000000000e+00   0.0000000000000000e+00   0.0000000000000000e+00   0.0000000000000000e+00   0.0000000000000000e+00  -7.9985919067728583e-06   0.0000000000000000e+00   7.1635734701190363e-05  -7.6641643858646209e-06
   0.0000000000000000e+00   0.0000000000000000e+00   0.0000000000000000e+00   0.0000000000000000e+00  -3.4081157847529611e-05   0.0000000000000000e+00   0.0000000000000000e+00   0.0000000000000000e+00   0.0000000000000000e+00  -8.8845004761064685e-06
  -1.2530140276503299e-04   0.0000000000000000e+00   9.9962254818480923e-07  -3.1549850742413848e-07   0.0000000000000000e+00   0.0000000000000000e+00   1.3560922083769554e-06   0.0000000000000000e+00   0.0000000000000000e+00   0.0000000000000000e+00
   0.0000000000000000e+00   0.0000000000000000e+00   0.0000000000000000e+00  -1.6697776648490107e-06  -2.9993914579178055e-04   0.0000000000000000e+00   0.0000000000000000e+00   1.2445093218488598e-03  -1.0211176766723308e-05   1.1020049952386550e-01
   0.0000000000000000e+00   2.6150132624167379e-03   0.0000000000000000e+00  -6.6283268891300244e-08  -9.6867248307416602e-04  -1.2329462456564424e-04  -1.0327980416911957e-04   2.3022217738933384e-01   2.4003494954026261e-01  -8.9053035807773059e-02
   0.0000000000000000e+00   0.0000000000000000e+00   2.9099388747425811e-04   2.9588674166546405e-04  -3.3968294800128669e-05   0.0000000000000000e+00   9.8697184601645380e-07   0.0000000000000000e+00  -1.9542688300476843e-01   3.2878205477355188e-01
   6.0000249053437503e-04   0.0000000000000000e+00  -5.1226067718864256e-05  -1.7127081268644568e-05   2.6325458908753888e-09   0.0000000000000000e+00   0.0000000000000000e+00   1.5184934484542487e-01   1.7724400441423313e-01  -1.3076281522034828e-03
  -3.0616513324131323e-05   1.1983266420983699e-04   0.0000000000000000e+00  -2.8933206604643904e-05  -1.7839417096202607e-04   3.8046879391162591e-04  -6.6381575031032890e-08   2.1556246843039361e-05  -1.1179781756972260e-01  -8.2962446899606490e-06
  -2.2602298421942573e-04   0.0000000000000000e+00   0.0000000000000000e+00   0.0000000000000000e+00   0.0000000000000000e+00   1.9998877724087071e-04   0.0000000000000000e+00   0.0000000000000000e+00   0.0000000000000000e+00   0.0000000000000000e+00
   0.0000000000000000e+00   8.4947515464613523e-04   0.0000000000000000e+00   0.0000000000000000e+00   0.0000000000000000e+00  -2.5092800935084842e-04   2.6789932593508719e-06   0.0000000000000000e+00   0.0000000000000000e+00   0.0000000000000000e+00
   0.0000000000000000e+00   0.0000000000000000e+00   0.0000000000000000e+00   0.0000000000000000e+00   3.5090760668655117e-04   0.0000000000000000e+00   3.0745845182297485e-05  -4.4335404809130886e-08   0.0000000000000000e+00   1.5823970448573762e-03
   0.0000000000000000e+00  -3.3345642157812527e-05   0.0000000000000000e+00   2.9653856338824206e-06   5.8303541325915094e-04  -1.7935689487384708e-03   0.0000000000000000e+00   0.0000000000000000e+00   0.0000000000000000e+00  -6.5347602894636703e-05
   0.0000000000000000e+00   0.0000000000000000e+00   0.0000000000000000e+00   0.0000000000000000e+00   0.0000000000000000e+00   0.0000000000000000e+00   2.5036072521004201e-06   0.0000000000000000e+00  -3.2309582033074753e-04   0.0000000000000000e+00
   0.0000000000000000e+00   0.0000000000000000e+00  -1.6810199903443350e-05   0.0000000000000000e+00   5.7366501166675860e-04   0.0000000000000000e+00   3.9486518354122572e-05  -1.0029448006904910e-05   0.0000000000000000e+00   0.0000000000000000e+00
   0.0000000000000000e+00   0.0000000000000000e+00   0.0000000000000000e+00   0.0000000000000000e+00   0.0000000000000000e+00   1.9921022298900062e-04   0.0000000000000000e+00   0.0000000000000000e+00   1.9613503106002155e-06  -8.7883573533577132e-06
  -2.8741519386161902e-05   1.1100194294158304e-04  -1.6274025630832010e-03   0.0000000000000000e+00   0.0000000000000000e+00   0.0000000000000000e+00   1.2982240810856062e-05  -2.0377428559361545e-04   2.1230561760526170e-05   2.1672304013580978e-03
   3.5038779118903537e-04  -2.1670649501760614e-04   0.0000000000000000e+00   0.0000000000000000e+00   0.0000000000000000e+00   0.0000000000000000e+00   0.0000000000000000e+00   0.0000000000000000e+00   0.0000000000000000e+00   5.2125413406009014e-04
   0.0000000000000000e+00  -1.2262503910004231e-04   0.0000000000000000e+00   9.3496807139519806e-06   0.0000000000000000e+00   0.0000000000000000e+00  -3.7433151487449183e-04   0.0000000000000000e+00   0.0000000000000000e+00  -1.1117265398738352e-04
  -1.2530894301189714e-06  -5.2404524206554854e-05   0.0000000000000000e+00   0.0000000000000000e+00   0.0000000000000000e+00   0.0000000000000000e+00   0.0000000000000000e+00   0.0000000000000000e+00   0.0000000000000000e+00  -4.0898420208811290e-05
